19.87,19.926,19.966,19.887,19.977,20.011,19.915,19.836,19.898,19.904,19.864,19.887,19.898,19.943,19.926,19.853,19.836,19.921,19.949,19.864,19.836,19.836,19.892,19.966,19.915,19.971,20.033,19.971,19.909,19.949,20.016,19.999,19.864,19.875,19.926,19.859,19.853,19.898,19.949,19.954,19.842,20.005,20.1,19.909,19.937,19.971,19.966,19.971,20.011,19.954,19.881,19.909,19.904,19.875,19.926,20.05,20.033,20.022,19.971,19.904,19.904,19.966,19.988,19.954,19.966,20.022,20.027,19.954,19.825,19.937,20.072,19.999,20.022,19.999,19.994,20.056,20.022,19.954,19.949,19.994,19.954,19.926,19.966,20.027,19.915,19.96,20.05,20.005,19.994,19.999,20.022,20.044,19.988,20.027,20.084,20.044,20.005,19.999,20.027,20.033,19.982,20.084,20.134,20.033,20.084,20.067,20.061,20.151,20.185,20.162,20.134,20.145,20.089,20.134,20.19,20.157,20.162,20.14,20.095,20.084,20.14,20.207,20.19,20.129,20.112,20.106,20.117,20.145,20.168,20.14,20.145,20.213,20.179,20.202,20.218,20.174,20.19,20.241,20.246,20.207,20.174,20.23,20.28,20.241,20.174,20.19,20.246,20.241,20.269,20.331,20.303,20.218,20.235,20.275,20.252,20.19,20.241,20.207,20.19,20.286,20.336,20.381,20.353,20.291,20.297,20.286,20.291,20.336,20.353,20.342,20.336,20.359,20.319,20.336,20.319,20.23,20.218,20.331,20.364,20.258,20.246,20.325,20.347,20.269,20.235,20.325,20.387,20.336,20.359,20.331,20.364,20.471,20.336,20.387,20.42,20.275,20.336,20.482,20.476,20.359,20.325,21.101,22.219,22.5,21.051,20.202,20.437,20.504,20.426,20.426,20.459,20.437,20.555,20.515,20.443,20.493,20.353,20.336,20.398,20.381,20.42,20.375,20.325,20.364,20.398,20.331,20.297,20.387,20.409,20.375,20.37,20.409,20.387,20.448,20.51,20.476,20.482,20.499,20.487,20.476,20.493,20.459,20.515,20.661,20.482,20.387,20.415,20.415,20.426,20.515,20.594,20.555,20.347,20.252,20.336,20.387,20.353,20.347,20.387,20.409,20.42,20.359,20.269,20.263,20.364,20.398,20.331,20.297,20.392,20.336,20.286,20.415,20.482,20.51,20.437,20.353,20.375,20.381,20.353,20.342,20.364,20.336,20.308,20.336,20.336,20.331,20.347,20.37,20.403,20.331,20.263,20.308,20.431,20.409,20.286,20.258,20.241,20.224,20.275,20.353,20.252,20.185,20.308,20.448,20.224,20.179,20.314,20.331,20.319,20.252,20.263,20.359,20.409,20.398,20.275,20.157,20.117,20.263,20.403
19.915,19.937,19.982,19.909,20.005,20.056,19.977,19.892,19.909,19.904,19.887,19.904,19.881,19.887,19.937,19.966,19.802,19.954,20.084,19.875,19.83,19.915,19.999,19.977,19.842,20.039,20.162,19.943,19.977,20.039,20.044,20.016,19.875,19.954,20.044,19.943,19.915,19.887,19.909,19.982,19.909,20.027,20.1,19.966,20.011,19.966,19.971,20.1,20.039,19.932,19.926,19.988,19.887,19.853,19.943,20.027,20.056,20.056,20.056,20.067,19.966,19.915,19.988,20.061,20.061,20.033,20.033,20.05,19.932,19.96,20.039,20.011,20.095,20.106,20.016,19.96,19.954,20.005,20.033,20.005,20.039,19.971,19.904,19.954,20.022,20.061,20.044,20.016,19.954,20.044,20.129,20.072,20.123,20.129,20.1,20.095,20.016,20.044,20.061,19.971,19.921,20.078,20.196,20.112,20.123,20.168,20.174,20.145,20.246,20.224,20.134,20.162,20.213,20.224,20.196,20.196,20.145,20.174,20.19,20.145,20.162,20.207,20.207,20.174,20.218,20.263,20.224,20.145,20.157,20.157,20.168,20.207,20.157,20.174,20.241,20.269,20.269,20.202,20.185,20.269,20.258,20.252,20.269,20.275,20.213,20.224,20.241,20.23,20.342,20.409,20.342,20.258,20.246,20.291,20.252,20.157,20.241,20.263,20.241,20.275,20.314,20.336,20.336,20.347,20.398,20.319,20.286,20.392,20.381,20.381,20.359,20.325,20.392,20.459,20.381,20.252,20.325,20.319,20.263,20.286,20.252,20.319,20.37,20.319,20.325,20.286,20.308,20.409,20.465,20.403,20.392,20.487,20.331,20.392,20.527,20.471,20.448,20.56,20.711,20.789,20.918,21.374,22.087,22.445,21.606,20.694,20.426,20.471,20.431,20.398,20.431,20.51,20.515,20.482,20.471,20.499,20.409,20.37,20.42,20.465,20.42,20.437,20.437,20.381,20.426,20.426,20.398,20.415,20.375,20.426,20.448,20.375,20.364,20.499,20.549,20.448,20.555,20.538,20.426,20.398,20.37,20.359,20.471,20.622,20.566,20.51,20.448,20.37,20.308,20.471,20.633,20.571,20.482,20.459,20.471,20.431,20.392,20.409,20.415,20.364,20.37,20.319,20.275,20.297,20.342,20.347,20.331,20.347,20.387,20.493,20.459,20.325,20.515,20.622,20.532,20.448,20.459,20.398,20.37,20.443,20.37,20.42,20.426,20.28,20.28,20.314,20.314,20.308,20.403,20.42,20.325,20.28,20.347,20.437,20.437,20.37,20.269,20.331,20.415,20.342,20.28,20.286,20.336,20.347,20.28,20.235,20.291,20.381,20.375,20.314,20.28,20.325,20.353,20.431,20.37,20.19,20.179,20.308,20.409
19.954,19.954,19.971,19.937,19.971,20.011,19.999,19.977,19.999,19.96,19.926,19.954,19.887,19.853,19.943,20.044,19.881,19.932,20.033,19.932,19.881,20.039,20.106,19.949,19.859,20.05,20.145,19.943,20.044,20.095,20.05,20.027,19.994,19.999,20.033,20.033,19.937,19.898,19.932,19.949,20.033,20.05,20.039,20.084,20.056,20.027,20.078,20.145,19.999,19.937,19.982,19.982,19.954,19.966,19.982,19.966,20.027,20.117,20.151,20.117,20.022,19.921,19.96,20.089,20.072,20.011,20.022,20.084,20.022,19.966,19.982,20.044,20.14,20.1,19.954,19.898,19.909,20.056,20.123,20.033,20.072,20.033,19.943,19.954,20.117,20.145,20.067,20.072,19.994,20.117,20.213,20.106,20.179,20.207,20.151,20.112,20.112,20.14,20.112,20.033,19.96,20.044,20.179,20.19,20.157,20.235,20.246,20.134,20.202,20.23,20.179,20.168,20.252,20.275,20.213,20.185,20.14,20.218,20.286,20.246,20.241,20.23,20.235,20.269,20.28,20.331,20.28,20.14,20.179,20.224,20.218,20.202,20.207,20.196,20.235,20.325,20.303,20.218,20.241,20.353,20.303,20.241,20.235,20.263,20.269,20.286,20.269,20.252,20.403,20.459,20.359,20.286,20.28,20.319,20.28,20.196,20.308,20.347,20.303,20.308,20.303,20.319,20.353,20.381,20.403,20.364,20.347,20.403,20.387,20.37,20.336,20.297,20.398,20.448,20.398,20.364,20.426,20.37,20.308,20.375,20.375,20.353,20.319,20.325,20.403,20.37,20.331,20.409,20.448,20.454,20.443,20.465,20.471,20.499,20.622,20.761,20.711,20.773,21.012,21.218,21.368,21.018,20.856,21.318,21.794,21.257,20.415,20.409,20.454,20.409,20.398,20.521,20.443,20.448,20.499,20.487,20.527,20.504,20.476,20.493,20.409,20.493,20.532,20.387,20.392,20.443,20.465,20.431,20.336,20.437,20.521,20.42,20.392,20.515,20.515,20.347,20.482,20.504,20.415,20.403,20.331,20.42,20.493,20.42,20.482,20.499,20.42,20.347,20.308,20.437,20.515,20.431,20.521,20.655,20.616,20.471,20.504,20.504,20.381,20.286,20.426,20.415,20.336,20.398,20.286,20.275,20.381,20.448,20.42,20.577,20.577,20.342,20.487,20.616,20.605,20.583,20.594,20.532,20.493,20.532,20.443,20.504,20.504,20.325,20.325,20.353,20.308,20.246,20.359,20.443,20.409,20.364,20.353,20.426,20.476,20.448,20.381,20.454,20.437,20.263,20.342,20.392,20.336,20.303,20.398,20.375,20.347,20.443,20.426,20.375,20.325,20.314,20.286,20.426,20.482,20.336,20.342,20.381,20.398
19.915,20.056,20.067,19.932,19.904,19.977,19.994,19.926,20.05,19.937,19.836,19.982,19.96,19.943,19.932,19.921,19.977,19.892,19.847,19.966,19.909,19.999,20.078,19.977,19.921,19.937,19.977,19.96,19.898,19.971,20.056,20.033,20.168,19.988,19.83,19.994,19.898,19.892,19.943,19.943,20.1,20.033,19.937,20.061,20.016,20.1,20.123,19.966,19.915,20.005,20.016,19.904,20.05,20.112,20.027,19.971,20.027,20.123,20.027,19.836,19.988,20.033,19.949,19.932,19.87,19.926,20.005,19.971,19.926,19.994,20.084,20.078,20.1,19.932,19.847,19.999,19.988,20.005,20.033,20.033,19.994,20.027,20.067,20.044,20.011,20.056,20.123,20.123,20.095,20.078,20.123,20.179,20.095,20.162,20.196,20.072,20.129,20.174,20.168,20.162,20.084,20.061,20.095,20.123,20.134,20.14,20.162,20.196,20.157,20.168,20.174,20.123,20.1,20.23,20.286,20.174,20.207,20.179,20.179,20.28,20.28,20.263,20.263,20.275,20.168,20.168,20.224,20.207,20.213,20.23,20.224,20.213,20.275,20.246,20.218,20.28,20.241,20.303,20.347,20.275,20.224,20.235,20.263,20.263,20.258,20.286,20.319,20.325,20.353,20.437,20.375,20.213,20.252,20.359,20.353,20.275,20.375,20.303,20.246,20.375,20.297,20.353,20.42,20.347,20.246,20.314,20.403,20.359,20.359,20.353,20.319,20.297,20.359,20.314,20.319,20.459,20.336,20.409,20.499,20.403,20.459,20.375,20.241,20.252,20.314,20.443,20.431,20.297,20.297,20.347,20.426,20.504,20.56,20.566,20.672,20.89,20.923,20.968,21.051,21.096,21.101,20.778,20.767,21.263,21.606,21.168,20.482,20.409,20.459,20.493,20.465,20.459,20.448,20.443,20.459,20.476,20.482,20.538,20.499,20.375,20.398,20.493,20.476,20.353,20.353,20.403,20.437,20.426,20.381,20.42,20.476,20.471,20.426,20.437,20.409,20.325,20.37,20.437,20.487,20.515,20.437,20.487,20.487,20.331,20.286,20.275,20.297,20.342,20.465,20.42,20.286,20.286,20.381,20.527,20.538,20.459,20.605,20.594,20.448,20.437,20.666,20.599,20.403,20.437,20.28,20.263,20.415,20.51,20.493,20.426,20.42,20.476,20.459,20.459,20.51,20.56,20.521,20.627,20.683,20.577,20.566,20.487,20.454,20.538,20.499,20.392,20.308,20.291,20.331,20.314,20.359,20.493,20.504,20.37,20.286,20.37,20.387,20.342,20.291,20.28,20.241,20.263,20.353,20.431,20.443,20.37,20.336,20.403,20.443,20.37,20.342,20.448,20.392,20.387,20.375,20.303,20.286,20.336,20.381
19.988,19.999,19.921,19.892,19.915,19.926,19.937,19.982,19.966,19.926,19.898,19.904,19.87,19.943,20.005,19.977,20.022,20.011,19.96,19.96,19.909,19.954,19.982,19.926,19.977,19.999,19.988,20.005,19.971,19.954,19.949,19.954,20.1,19.949,19.808,19.966,19.797,19.859,19.994,19.926,19.971,20.016,20.027,20.05,20.039,20.039,20.022,19.988,19.971,19.999,20.033,20.033,19.999,19.999,19.982,19.937,19.977,20.067,20.044,19.932,19.847,19.954,20.033,19.915,19.808,19.859,19.949,19.921,19.864,19.937,19.999,19.954,20.044,19.943,19.892,20.061,20.039,20.033,20.039,20.033,20.072,19.966,19.937,20.084,20.033,20.005,20.05,20.095,20.1,20.106,20.134,20.162,20.134,20.089,20.084,20.106,20.095,20.123,20.157,20.157,20.145,20.072,20.072,20.185,20.19,20.207,20.202,20.174,20.162,20.174,20.174,20.168,20.213,20.207,20.196,20.241,20.19,20.207,20.235,20.196,20.23,20.168,20.157,20.269,20.23,20.202,20.202,20.19,20.112,20.123,20.179,20.157,20.117,20.23,20.291,20.179,20.145,20.252,20.291,20.185,20.185,20.14,20.174,20.297,20.218,20.185,20.258,20.342,20.342,20.347,20.325,20.275,20.218,20.275,20.303,20.235,20.319,20.286,20.241,20.319,20.258,20.364,20.454,20.359,20.297,20.342,20.403,20.387,20.403,20.353,20.291,20.303,20.336,20.325,20.342,20.42,20.336,20.415,20.487,20.398,20.375,20.325,20.258,20.246,20.314,20.308,20.303,20.37,20.252,20.252,20.465,20.638,20.286,20.912,21.401,20.839,20.828,20.862,20.906,20.99,20.984,20.806,20.839,21.112,21.035,20.745,20.487,20.42,20.364,20.431,20.549,20.566,20.353,20.403,20.555,20.482,20.431,20.487,20.465,20.319,20.375,20.409,20.398,20.409,20.303,20.347,20.437,20.392,20.364,20.387,20.409,20.398,20.37,20.426,20.42,20.331,20.443,20.493,20.482,20.51,20.431,20.443,20.482,20.443,20.375,20.28,20.246,20.291,20.347,20.286,20.28,20.431,20.527,20.482,20.415,20.482,20.571,20.56,20.839,21.324,21.246,20.745,20.437,20.56,20.454,20.375,20.431,20.499,20.375,20.381,20.499,20.51,20.387,20.347,20.443,20.515,20.398,20.51,20.689,20.661,20.683,20.616,20.51,20.482,20.493,20.392,20.297,20.353,20.454,20.409,20.347,20.42,20.347,20.398,20.392,20.246,20.331,20.331,20.263,20.269,20.275,20.347,20.359,20.28,20.319,20.314,20.303,20.37,20.437,20.471,20.415,20.347,20.387,20.375,20.275,20.207,20.252,20.336,20.375
20.016,19.977,19.904,19.892,19.96,19.847,19.808,19.988,19.915,19.921,19.937,19.87,19.909,19.909,19.949,20.056,19.966,20.011,20.061,19.966,19.982,19.932,19.875,19.926,19.96,19.994,19.977,19.949,20.084,19.994,19.881,19.988,19.977,19.954,19.971,20.005,19.966,19.943,19.937,19.932,19.954,19.988,20.027,20.067,20.078,20.005,19.954,19.994,20.011,19.921,19.937,20.1,19.966,19.954,20.056,20.061,19.982,20.022,20.117,20.106,19.999,20.061,20.067,19.892,20.072,20.061,19.904,19.898,19.887,19.971,19.988,19.904,20.039,20.05,19.994,20.044,20.016,20.056,20.072,20.033,20.084,20.022,19.977,20.061,20.061,20.033,20.033,20.072,20.072,20.106,20.157,20.174,20.134,20.106,20.084,20.056,20.123,20.112,20.084,20.129,20.072,20.145,20.202,20.129,20.174,20.202,20.151,20.1,20.123,20.145,20.19,20.263,20.252,20.168,20.145,20.218,20.202,20.196,20.207,20.224,20.263,20.168,20.117,20.23,20.207,20.224,20.241,20.19,20.1,20.19,20.303,20.258,20.207,20.224,20.291,20.314,20.23,20.235,20.28,20.246,20.168,20.213,20.269,20.235,20.246,20.28,20.28,20.258,20.207,20.246,20.331,20.342,20.207,20.275,20.359,20.252,20.286,20.275,20.258,20.303,20.303,20.448,20.465,20.291,20.336,20.42,20.437,20.403,20.387,20.387,20.375,20.364,20.381,20.398,20.37,20.331,20.331,20.398,20.454,20.431,20.409,20.359,20.325,20.331,20.291,20.275,20.387,20.555,20.571,20.555,20.599,20.717,20.8,21.396,21.756,21.429,21.035,20.873,20.94,20.912,20.817,20.806,20.75,20.633,20.884,20.856,20.605,20.549,20.454,20.499,20.543,20.476,20.375,20.459,20.56,20.493,20.465,20.459,20.426,20.37,20.398,20.437,20.415,20.381,20.398,20.437,20.443,20.426,20.448,20.398,20.364,20.437,20.476,20.476,20.437,20.42,20.431,20.459,20.499,20.521,20.448,20.493,20.577,20.538,20.398,20.331,20.353,20.37,20.381,20.325,20.37,20.521,20.56,20.51,20.471,20.487,20.37,20.538,21.185,21.689,21.179,20.711,20.599,20.538,20.555,20.521,20.538,20.622,20.482,20.387,20.448,20.515,20.381,20.336,20.443,20.549,20.599,20.789,20.912,20.851,20.812,20.739,20.56,20.375,20.476,20.493,20.387,20.347,20.409,20.392,20.364,20.426,20.359,20.398,20.398,20.286,20.319,20.297,20.275,20.331,20.342,20.325,20.319,20.342,20.275,20.319,20.476,20.577,20.594,20.56,20.459,20.375,20.459,20.465,20.336,20.246,20.28,20.303,20.286
19.96,19.971,19.977,19.932,19.966,19.875,19.836,19.96,19.932,19.921,19.926,19.909,19.921,19.881,19.904,19.999,19.875,19.915,20.011,19.966,19.971,19.937,19.881,19.875,19.898,19.949,19.954,19.943,20.123,20.095,19.977,20.022,19.937,20.022,20.095,20.011,20.033,19.982,19.898,19.892,19.96,19.982,19.988,20.044,20.033,20.016,20.011,20.011,19.994,19.915,19.926,20.033,19.988,20.022,20.106,20.112,19.977,20.033,20.129,20.061,20.123,20.145,20.022,19.921,20.19,20.157,19.949,19.977,19.937,20.033,20.078,19.977,20.05,20.05,19.994,19.999,20.011,20.056,20.067,20.033,20.044,20.039,20.022,20.039,20.05,20.061,20.067,20.078,20.067,20.089,20.145,20.174,20.084,20.157,20.168,19.999,20.14,20.129,20.033,20.078,20.005,20.14,20.252,20.145,20.168,20.162,20.123,20.112,20.1,20.123,20.19,20.246,20.174,20.168,20.185,20.145,20.207,20.207,20.196,20.269,20.28,20.241,20.202,20.213,20.185,20.235,20.258,20.196,20.19,20.275,20.331,20.303,20.286,20.218,20.246,20.37,20.331,20.235,20.241,20.325,20.202,20.325,20.37,20.145,20.246,20.381,20.325,20.19,20.179,20.246,20.331,20.359,20.263,20.303,20.353,20.275,20.252,20.291,20.336,20.331,20.336,20.437,20.426,20.275,20.342,20.471,20.471,20.381,20.319,20.37,20.415,20.359,20.392,20.415,20.392,20.364,20.342,20.392,20.443,20.437,20.448,20.398,20.353,20.387,20.28,20.409,20.672,20.879,21.584,21.822,21.229,20.728,21.162,21.429,21.568,21.844,21.518,21.157,20.968,20.851,20.8,20.795,20.984,21.279,21.534,21.14,20.672,20.75,20.571,20.521,20.471,20.325,20.465,20.538,20.482,20.459,20.493,20.454,20.42,20.465,20.409,20.482,20.482,20.353,20.482,20.476,20.392,20.426,20.487,20.42,20.387,20.493,20.515,20.459,20.431,20.476,20.398,20.415,20.487,20.493,20.476,20.666,20.75,20.555,20.375,20.381,20.454,20.409,20.403,20.437,20.471,20.476,20.532,20.538,20.527,20.532,20.336,20.499,20.918,21.046,20.65,20.611,20.706,20.499,20.532,20.538,20.56,20.661,20.622,20.448,20.381,20.493,20.454,20.471,20.56,20.666,20.895,21.129,21.107,20.934,20.845,20.733,20.555,20.398,20.476,20.532,20.454,20.347,20.291,20.314,20.375,20.409,20.454,20.364,20.331,20.437,20.375,20.331,20.342,20.353,20.353,20.286,20.336,20.493,20.353,20.398,20.611,20.694,20.644,20.465,20.37,20.426,20.443,20.482,20.437,20.319,20.241,20.252,20.297
19.926,19.943,19.949,19.96,19.954,19.994,20.011,19.96,19.926,19.926,19.937,19.932,19.819,19.904,19.982,19.875,19.875,19.909,19.932,19.932,19.847,19.943,19.954,19.785,19.892,19.966,19.999,20.078,20.1,20.157,20.1,19.949,19.977,20.067,20.044,19.926,19.802,19.898,19.966,19.836,19.881,20.016,20.056,19.988,19.971,20.022,20.072,20.061,19.977,20.016,20.067,20.005,20.022,20.061,20.039,19.977,19.943,20.072,20.089,19.915,19.971,20.011,20.005,20.011,19.954,19.96,20.033,20.067,19.949,20.011,20.112,20.039,20.039,19.96,19.932,20.027,20.072,20.061,20.022,20.033,20.061,19.932,19.892,20.072,20.044,20.044,20.089,20.1,20.1,20.106,20.123,20.14,20.072,20.134,20.162,20.05,20.1,20.117,20.067,20.033,20.044,20.044,20.151,20.325,20.235,20.19,20.23,20.218,20.145,20.168,20.196,20.14,20.134,20.218,20.241,20.151,20.179,20.28,20.291,20.213,20.207,20.269,20.28,20.23,20.263,20.286,20.235,20.185,20.235,20.207,20.151,20.162,20.123,20.213,20.263,20.179,20.297,20.218,20.14,20.275,20.241,20.303,20.291,20.157,20.179,20.303,20.325,20.246,20.347,20.325,20.286,20.37,20.347,20.263,20.23,20.258,20.213,20.336,20.431,20.342,20.275,20.319,20.381,20.364,20.347,20.448,20.482,20.364,20.291,20.314,20.331,20.286,20.347,20.381,20.42,20.493,20.415,20.42,20.448,20.392,20.375,20.375,20.387,20.415,20.392,20.638,20.923,21.168,22.423,23.14,22.208,20.929,20.717,21.062,21.407,21.435,21.7,21.368,20.839,20.823,20.912,20.901,21.739,22.954,22.137,21.023,20.75,20.94,20.56,20.398,20.443,20.375,20.499,20.538,20.448,20.415,20.471,20.454,20.431,20.487,20.387,20.426,20.482,20.42,20.415,20.364,20.319,20.359,20.398,20.42,20.437,20.459,20.387,20.375,20.426,20.448,20.443,20.459,20.454,20.443,20.499,20.784,20.851,20.571,20.443,20.454,20.431,20.303,20.252,20.415,20.532,20.459,20.599,20.51,20.443,20.616,20.543,20.448,20.403,20.415,20.504,20.611,20.627,20.577,20.521,20.471,20.471,20.51,20.527,20.499,20.465,20.487,20.521,20.594,20.666,20.733,20.918,21.085,21.018,20.851,20.812,20.683,20.538,20.504,20.471,20.426,20.403,20.415,20.308,20.342,20.375,20.297,20.398,20.364,20.353,20.487,20.42,20.448,20.431,20.297,20.314,20.359,20.42,20.465,20.403,20.443,20.521,20.51,20.437,20.303,20.263,20.342,20.308,20.375,20.403,20.297,20.14,20.263,20.448
19.943,19.96,19.954,19.949,19.926,19.977,19.988,19.909,19.842,19.932,19.982,19.87,19.875,19.915,19.892,19.836,19.949,19.982,19.909,19.887,19.853,19.943,19.982,19.887,19.892,19.977,20.067,20.084,19.999,19.999,19.994,19.915,20.005,20.016,19.904,19.859,19.949,19.932,19.881,19.937,19.875,20.005,20.095,19.977,20.056,20.095,20.011,19.926,19.937,19.966,20.067,20.196,20.117,20.005,19.977,19.999,20.011,20.084,20.117,20.078,20.056,20.05,20.05,20.044,20.005,19.982,19.937,19.881,19.999,19.966,19.96,20.117,20.022,19.999,20.078,20.112,20.05,20.005,19.988,19.971,20.027,19.904,19.875,20.078,20.039,20.084,20.174,20.174,20.123,20.084,20.084,20.106,20.145,20.134,20.112,20.14,20.23,20.185,20.056,20.027,20.039,20.044,20.117,20.23,20.151,20.151,20.241,20.275,20.179,20.275,20.331,20.174,20.145,20.258,20.286,20.162,20.19,20.23,20.202,20.168,20.286,20.342,20.246,20.151,20.207,20.286,20.241,20.145,20.151,20.19,20.19,20.168,20.218,20.218,20.202,20.252,20.37,20.297,20.19,20.258,20.19,20.263,20.347,20.286,20.235,20.353,20.381,20.23,20.342,20.342,20.308,20.398,20.331,20.308,20.319,20.303,20.252,20.291,20.375,20.387,20.263,20.359,20.476,20.387,20.258,20.364,20.493,20.398,20.308,20.319,20.364,20.353,20.387,20.482,20.51,20.448,20.476,20.42,20.431,20.532,20.303,20.448,20.633,20.493,20.795,21.307,21.346,21.051,21.307,23.025,23.472,21.783,21.018,20.745,20.879,20.957,21.023,20.834,20.756,20.968,20.689,21.229,22.949,24.08,22.015,21.279,21.789,21.268,20.739,20.465,20.504,20.515,20.549,20.504,20.437,20.454,20.476,20.499,20.499,20.476,20.375,20.454,20.515,20.398,20.42,20.381,20.364,20.437,20.415,20.471,20.515,20.471,20.431,20.353,20.359,20.454,20.42,20.476,20.56,20.555,20.532,20.661,20.717,20.588,20.543,20.549,20.482,20.336,20.286,20.431,20.555,20.487,20.471,20.482,20.538,20.583,20.476,20.555,20.577,20.387,20.409,20.493,20.538,20.515,20.437,20.527,20.588,20.465,20.37,20.387,20.504,20.577,20.599,20.566,20.56,20.661,20.918,21.029,20.901,20.784,20.789,20.706,20.56,20.493,20.471,20.42,20.359,20.336,20.336,20.37,20.353,20.291,20.381,20.303,20.269,20.443,20.415,20.465,20.426,20.252,20.275,20.437,20.499,20.392,20.353,20.342,20.364,20.392,20.319,20.409,20.454,20.308,20.286,20.342,20.375,20.347,20.303,20.359,20.431
19.904,19.932,19.937,19.881,19.954,19.937,19.881,19.904,19.932,20.005,20.022,19.954,19.898,19.921,19.971,19.971,19.971,19.943,19.887,19.853,19.904,19.937,19.932,19.943,19.949,19.96,20.011,20.061,19.926,19.977,20.061,19.977,19.977,19.921,19.909,19.988,19.932,19.898,19.954,20.027,19.966,19.966,20.033,20.061,20.039,20.056,20.022,19.926,19.937,20.011,20.061,20.039,19.988,19.937,19.982,20.084,20.039,20.039,20.112,20.162,20.157,20.089,20.061,20.1,20.067,20.027,19.966,19.904,19.937,19.977,19.988,19.994,19.932,19.982,20.089,20.1,20.016,19.982,19.999,20.005,20.033,19.994,19.982,20.056,20.005,20.067,20.078,19.96,20.106,20.14,20.061,20.089,20.196,20.19,20.112,20.129,20.213,20.179,20.084,20.084,19.999,20.016,20.14,20.207,20.151,20.145,20.202,20.241,20.202,20.235,20.275,20.235,20.19,20.252,20.286,20.213,20.168,20.202,20.224,20.179,20.213,20.286,20.286,20.213,20.185,20.23,20.241,20.179,20.179,20.196,20.213,20.241,20.252,20.252,20.23,20.235,20.291,20.252,20.213,20.269,20.241,20.308,20.331,20.241,20.207,20.275,20.353,20.359,20.353,20.319,20.331,20.387,20.319,20.359,20.392,20.319,20.291,20.252,20.303,20.403,20.331,20.381,20.443,20.37,20.252,20.392,20.504,20.364,20.325,20.375,20.415,20.387,20.459,20.37,20.336,20.504,20.532,20.566,20.521,20.465,20.745,20.901,21.401,22.159,21.839,22.329,22.434,21.351,20.499,22.307,24.004,22.976,21.468,20.717,20.75,20.493,20.398,20.706,21.346,21.7,20.984,21.368,22.565,22.85,21.861,21.629,21.817,21.335,21.185,20.8,20.476,20.476,20.426,20.437,20.431,20.392,20.504,20.454,20.37,20.443,20.454,20.443,20.409,20.398,20.415,20.415,20.426,20.471,20.431,20.499,20.527,20.42,20.342,20.499,20.555,20.364,20.387,20.521,20.56,20.476,20.471,20.555,20.627,20.611,20.538,20.482,20.437,20.375,20.336,20.431,20.521,20.482,20.443,20.448,20.51,20.555,20.549,20.538,20.532,20.51,20.459,20.465,20.515,20.521,20.415,20.51,20.599,20.465,20.392,20.409,20.504,20.56,20.482,20.499,20.566,20.577,20.678,20.761,20.778,20.784,20.789,20.745,20.666,20.599,20.431,20.353,20.398,20.437,20.387,20.364,20.342,20.308,20.342,20.375,20.375,20.375,20.303,20.381,20.426,20.331,20.37,20.448,20.415,20.303,20.291,20.342,20.359,20.308,20.235,20.353,20.42,20.28,20.286,20.375,20.42,20.387,20.471,20.437,20.359
19.904,19.892,19.904,19.875,19.943,19.926,19.904,19.977,19.977,19.96,19.96,19.971,19.892,19.892,19.999,20.067,19.96,19.915,19.909,19.853,19.904,19.904,19.881,19.926,19.96,19.971,19.982,20.016,19.954,20.044,20.112,20.005,19.892,19.853,19.971,20.089,19.853,19.875,20.067,20.067,20.095,19.982,19.949,20.089,20.039,19.994,20.022,20.072,20.039,20.089,20.044,19.864,19.847,19.926,20.039,20.1,20.05,20.027,20.056,20.084,20.112,20.084,20.078,20.117,19.999,19.988,20.05,20.022,19.909,20.011,20.067,19.904,19.966,19.999,20.022,20.089,20.061,20.033,20.044,20.084,20.067,20.078,20.078,20.039,20.016,20.056,20.016,19.904,20.061,20.207,20.168,20.084,20.151,20.207,20.145,20.067,20.106,20.112,20.106,20.123,20.033,20.05,20.162,20.207,20.179,20.157,20.168,20.179,20.218,20.179,20.157,20.235,20.258,20.224,20.207,20.23,20.19,20.241,20.28,20.213,20.19,20.224,20.275,20.28,20.241,20.241,20.252,20.235,20.213,20.168,20.185,20.258,20.174,20.258,20.336,20.235,20.246,20.23,20.23,20.291,20.319,20.381,20.325,20.179,20.218,20.23,20.291,20.415,20.342,20.297,20.325,20.342,20.308,20.325,20.353,20.336,20.286,20.28,20.342,20.403,20.415,20.364,20.336,20.375,20.342,20.426,20.448,20.336,20.319,20.409,20.431,20.342,20.426,20.303,20.286,20.532,20.532,20.594,20.538,20.459,21.318,21.667,22.175,23.156,22.258,22.192,22.39,21.623,20.694,21.39,23.014,23.358,21.833,20.901,21.046,21.057,21.307,21.301,21.385,21.7,21.224,21.174,21.274,21.035,21.424,21.274,21.062,21.39,21.39,20.945,20.471,20.398,20.415,20.471,20.42,20.336,20.465,20.381,20.291,20.443,20.471,20.409,20.364,20.42,20.437,20.431,20.409,20.403,20.426,20.454,20.443,20.42,20.297,20.538,20.638,20.336,20.392,20.471,20.437,20.387,20.454,20.549,20.599,20.605,20.543,20.476,20.454,20.459,20.409,20.398,20.431,20.454,20.482,20.476,20.471,20.515,20.599,20.482,20.403,20.549,20.51,20.515,20.521,20.482,20.443,20.476,20.504,20.476,20.504,20.566,20.555,20.487,20.437,20.515,20.571,20.515,20.454,20.527,20.678,20.756,20.761,20.722,20.706,20.706,20.521,20.42,20.471,20.499,20.409,20.314,20.319,20.37,20.342,20.459,20.504,20.359,20.286,20.325,20.398,20.392,20.437,20.353,20.275,20.336,20.314,20.359,20.403,20.364,20.28,20.218,20.263,20.359,20.364,20.37,20.381,20.398,20.448,20.42,20.364
19.977,19.904,19.892,19.96,19.904,19.949,20.05,20.044,19.83,19.825,19.904,19.83,19.926,19.887,19.859,19.988,19.971,20.005,19.982,19.875,19.83,19.87,19.926,19.932,19.909,20.022,20.084,19.988,20.022,20.011,19.966,19.949,19.847,19.83,19.932,20.011,19.937,19.937,20.027,20.078,20.145,20.05,19.949,20.022,20.134,20.016,19.943,20.129,20.145,20.061,20.011,20.044,19.943,19.971,20.056,20.044,20.089,20.084,20.039,20.039,20.011,20.072,20.134,20.084,19.915,19.954,20.056,19.994,20.016,20.011,19.999,20.044,20.134,20.089,20.061,20.174,20.145,20.089,20.067,20.089,20.095,20.078,20.05,20.056,20.067,20.095,20.157,20.207,20.056,20.19,20.291,20.095,20.089,20.157,20.145,20.078,20.112,20.106,20.084,20.112,20.134,20.162,20.151,20.123,20.129,20.151,20.168,20.185,20.235,20.246,20.202,20.196,20.291,20.252,20.168,20.207,20.269,20.269,20.213,20.218,20.342,20.291,20.174,20.213,20.297,20.336,20.28,20.218,20.151,20.14,20.179,20.207,20.134,20.246,20.387,20.359,20.353,20.325,20.297,20.303,20.308,20.392,20.392,20.286,20.331,20.347,20.303,20.291,20.308,20.325,20.325,20.331,20.28,20.258,20.319,20.375,20.275,20.331,20.431,20.403,20.426,20.387,20.364,20.42,20.375,20.347,20.364,20.387,20.319,20.392,20.426,20.308,20.336,20.487,20.555,20.493,20.538,20.555,20.583,20.778,21.429,22.208,22.461,22.23,21.8,21.218,21.162,21.473,20.957,20.75,21.756,22.867,22.164,21.135,21.218,22.07,22.812,21.839,20.599,20.867,20.962,20.99,21.018,21.085,20.75,20.571,21.09,21.695,21.174,20.722,20.588,20.459,20.605,20.571,20.409,20.398,20.387,20.415,20.459,20.482,20.387,20.415,20.471,20.426,20.487,20.471,20.381,20.359,20.437,20.409,20.392,20.493,20.437,20.398,20.415,20.437,20.431,20.375,20.387,20.487,20.566,20.555,20.521,20.571,20.661,20.672,20.611,20.583,20.521,20.392,20.364,20.465,20.476,20.555,20.571,20.476,20.482,20.532,20.538,20.499,20.454,20.499,20.482,20.375,20.471,20.515,20.482,20.487,20.521,20.65,20.644,20.499,20.611,20.588,20.471,20.476,20.454,20.504,20.594,20.638,20.689,20.655,20.633,20.694,20.717,20.644,20.487,20.375,20.409,20.308,20.286,20.454,20.403,20.42,20.443,20.387,20.409,20.381,20.336,20.353,20.364,20.263,20.269,20.437,20.381,20.275,20.325,20.471,20.398,20.263,20.314,20.493,20.482,20.331,20.286,20.409,20.364,20.381,20.431
19.921,19.825,19.825,19.954,20.067,19.954,19.887,20.027,19.904,19.921,19.96,19.864,19.87,19.909,19.96,19.999,19.96,19.982,19.971,19.87,19.768,19.853,19.96,19.921,19.926,19.994,20.039,19.999,19.949,19.977,20.033,20.016,19.892,19.836,19.932,20.016,19.875,19.892,19.943,19.875,20.067,19.982,19.881,20.05,20.078,19.977,19.892,19.96,20.095,20.039,19.954,20.05,20.027,20.039,20.072,20.078,20.056,20.05,20.056,20.044,19.999,20.095,20.174,20.089,20.011,20.022,20.072,20.056,20.011,19.96,20.011,20.123,20.078,20.039,20.084,20.145,20.123,20.016,19.994,20.1,20.151,20.095,20.022,20.033,20.022,20.044,20.089,20.112,20.078,20.084,20.106,20.1,20.061,20.145,20.174,20.067,20.123,20.134,20.117,20.134,20.1,20.162,20.179,20.089,20.123,20.19,20.224,20.224,20.213,20.224,20.202,20.162,20.224,20.252,20.269,20.314,20.303,20.207,20.179,20.258,20.23,20.19,20.207,20.258,20.224,20.235,20.224,20.168,20.235,20.185,20.129,20.196,20.162,20.207,20.291,20.297,20.275,20.241,20.258,20.314,20.308,20.359,20.347,20.241,20.235,20.28,20.286,20.246,20.258,20.336,20.364,20.308,20.235,20.303,20.342,20.258,20.336,20.319,20.258,20.291,20.297,20.437,20.527,20.454,20.364,20.381,20.409,20.342,20.297,20.347,20.381,20.347,20.471,20.331,20.291,20.571,20.375,21.035,21.59,21.246,21.279,22.296,22.757,22.032,22.285,21.927,21.529,21.712,20.895,20.476,21.201,22.153,22.812,22.252,21.468,21.761,22.615,22.07,21.207,21.545,21.385,20.979,20.867,21.04,20.213,20.7,21.866,21.899,21.029,20.426,20.359,20.28,20.493,20.51,20.387,20.409,20.42,20.437,20.454,20.465,20.415,20.342,20.353,20.443,20.459,20.459,20.437,20.42,20.381,20.431,20.465,20.403,20.482,20.51,20.454,20.415,20.319,20.465,20.571,20.448,20.549,20.577,20.51,20.504,20.611,20.683,20.65,20.605,20.583,20.515,20.459,20.487,20.678,20.627,20.482,20.532,20.521,20.538,20.532,20.487,20.42,20.314,20.342,20.493,20.594,20.437,20.387,20.622,20.627,20.638,20.571,20.459,20.56,20.566,20.459,20.42,20.381,20.415,20.471,20.51,20.65,20.599,20.543,20.689,20.728,20.65,20.493,20.409,20.532,20.426,20.291,20.415,20.482,20.381,20.303,20.403,20.431,20.387,20.37,20.42,20.42,20.308,20.269,20.381,20.415,20.319,20.297,20.42,20.398,20.319,20.297,20.347,20.331,20.437,20.454,20.325,20.443,20.42,20.314
19.83,19.898,19.977,19.898,19.966,19.926,19.87,19.926,19.836,19.999,20.123,19.982,19.966,19.96,19.96,19.988,20.056,20.033,19.915,19.836,19.791,19.904,19.999,19.949,19.966,20.061,20.072,19.971,20.044,20.061,19.988,19.943,19.96,19.943,19.915,19.932,19.881,19.982,19.966,19.78,19.909,20.022,20.022,20.022,20.095,20.039,19.921,19.909,20.027,20.078,20.033,20.011,19.982,20.027,20.078,20.072,20.016,20.117,20.151,19.999,19.994,20.095,20.168,20.134,20.072,20.129,20.174,20.089,20.022,19.999,20.072,20.151,20.05,20.078,20.145,20.089,20.095,20.168,20.168,20.067,20.106,20.027,19.971,20.061,20.072,20.084,20.078,20.061,20.067,20.072,20.1,20.134,20.061,20.1,20.14,20.095,20.179,20.196,20.145,20.151,20.106,20.123,20.207,20.252,20.224,20.19,20.134,20.1,20.202,20.263,20.291,20.331,20.258,20.275,20.325,20.291,20.202,20.196,20.269,20.303,20.241,20.19,20.252,20.342,20.241,20.19,20.202,20.19,20.213,20.275,20.331,20.342,20.213,20.218,20.303,20.297,20.275,20.308,20.336,20.303,20.269,20.375,20.387,20.224,20.235,20.319,20.375,20.375,20.415,20.431,20.398,20.364,20.342,20.347,20.331,20.291,20.353,20.297,20.275,20.403,20.426,20.499,20.532,20.476,20.437,20.487,20.465,20.342,20.37,20.459,20.381,20.19,19.994,20.767,21.695,21.866,22.39,23.238,22.812,21.324,20.817,21.49,22.208,22.037,22.302,22.395,22.307,22.247,21.944,21.196,20.867,21.468,23.347,23.254,21.529,21.001,21.573,21.999,21.894,21.728,21.351,20.99,20.89,21.023,21.246,23.156,23.646,21.623,20.538,20.895,21.263,20.465,20.415,20.476,20.51,20.521,20.476,20.437,20.459,20.504,20.487,20.392,20.364,20.443,20.398,20.454,20.538,20.527,20.448,20.471,20.471,20.375,20.448,20.515,20.51,20.482,20.493,20.493,20.459,20.437,20.409,20.459,20.482,20.471,20.761,20.873,20.75,20.706,20.733,20.655,20.51,20.476,20.566,20.655,20.661,20.627,20.566,20.538,20.499,20.448,20.465,20.398,20.403,20.555,20.594,20.465,20.398,20.515,20.605,20.633,20.594,20.577,20.594,20.549,20.465,20.437,20.443,20.487,20.493,20.459,20.543,20.543,20.538,20.65,20.851,20.806,20.577,20.493,20.521,20.426,20.342,20.409,20.443,20.353,20.303,20.409,20.398,20.426,20.375,20.258,20.28,20.409,20.437,20.342,20.375,20.398,20.364,20.342,20.364,20.409,20.409,20.387,20.342,20.465,20.521,20.37,20.347,20.28,20.224
19.909,20.067,20.112,19.881,19.808,19.881,19.954,19.904,19.83,19.949,20.072,20.011,20.011,19.994,19.977,19.994,20.129,20.084,19.926,19.892,19.87,19.949,20.005,19.977,20.016,20.117,20.072,19.932,20.134,20.134,19.932,19.875,19.971,19.999,19.926,19.904,19.994,20.072,20.016,19.915,19.915,20.084,20.14,20.016,20.157,20.117,19.977,19.999,20.039,20.112,20.112,20.039,19.977,20.005,20.056,20.039,20.016,20.162,20.218,20.072,20.056,20.089,20.117,20.106,20.056,20.112,20.145,20.067,20.072,20.084,20.1,20.123,20.106,20.145,20.151,20.089,20.061,20.218,20.241,20.027,20.072,20.044,20.016,20.095,20.084,20.106,20.129,20.112,20.1,20.168,20.196,20.14,20.14,20.151,20.157,20.168,20.19,20.151,20.123,20.162,20.168,20.117,20.185,20.342,20.263,20.19,20.145,20.112,20.224,20.319,20.353,20.375,20.275,20.28,20.291,20.19,20.134,20.269,20.37,20.28,20.342,20.303,20.258,20.325,20.28,20.241,20.246,20.269,20.157,20.269,20.454,20.431,20.263,20.269,20.364,20.342,20.347,20.375,20.37,20.325,20.28,20.359,20.387,20.28,20.37,20.437,20.443,20.459,20.499,20.443,20.392,20.415,20.353,20.319,20.336,20.347,20.297,20.28,20.381,20.515,20.555,20.499,20.454,20.487,20.454,20.499,20.499,20.398,20.387,20.431,20.638,20.94,21.079,21.855,22.894,23.456,23.912,24.08,23.271,22.021,21.112,20.694,21.201,21.855,21.523,22.45,23.293,22.741,22.834,22.098,21.101,21.085,22.489,22.992,21.894,20.984,21.179,21.905,21.949,21.268,21.051,21.023,20.945,21.001,22.516,24.204,23.434,21.279,21.351,22.131,22.153,21.335,20.7,20.437,20.532,20.549,20.51,20.448,20.448,20.51,20.499,20.515,20.493,20.426,20.415,20.476,20.527,20.515,20.51,20.499,20.459,20.42,20.415,20.431,20.465,20.515,20.627,20.476,20.364,20.515,20.342,20.359,20.482,20.504,20.823,20.94,20.789,20.728,20.817,20.75,20.555,20.476,20.392,20.588,20.745,20.611,20.566,20.588,20.543,20.42,20.459,20.532,20.543,20.515,20.465,20.471,20.51,20.521,20.549,20.594,20.644,20.678,20.65,20.538,20.471,20.51,20.56,20.633,20.611,20.532,20.515,20.543,20.577,20.616,20.839,20.845,20.666,20.605,20.515,20.431,20.409,20.426,20.364,20.381,20.443,20.437,20.437,20.426,20.303,20.151,20.179,20.398,20.482,20.342,20.364,20.409,20.392,20.353,20.387,20.37,20.375,20.459,20.448,20.426,20.42,20.409,20.235,20.213,20.303
20.084,20.117,19.999,19.926,19.904,19.898,19.943,20.005,20.016,19.881,19.819,19.932,19.887,20.005,20.112,20.039,20.084,20.044,19.988,20.016,19.904,19.932,20.005,19.977,20.072,20.061,19.966,19.949,20.044,20.095,20.033,19.966,19.943,19.937,19.96,20.011,20.084,20.027,19.977,20.061,20.072,20.056,20.044,20.078,20.162,20.1,19.999,20.044,20.095,20.072,20.056,20.123,20.106,20.061,20.039,20.044,20.044,20.1,20.196,20.258,20.179,20.112,20.072,20.033,20.056,20.027,19.994,20.044,20.112,20.106,20.072,20.106,20.157,20.123,20.089,20.129,20.033,20.011,20.039,20.039,20.14,20.19,20.145,20.089,19.988,20.061,20.162,20.14,20.19,20.224,20.168,20.106,20.224,20.286,20.246,20.213,20.145,20.05,20.067,20.179,20.19,20.157,20.162,20.218,20.185,20.235,20.331,20.353,20.258,20.303,20.314,20.185,20.196,20.269,20.258,20.185,20.218,20.342,20.347,20.23,20.331,20.336,20.252,20.235,20.258,20.275,20.28,20.291,20.202,20.207,20.303,20.347,20.291,20.297,20.336,20.331,20.364,20.297,20.28,20.392,20.353,20.291,20.286,20.336,20.426,20.448,20.392,20.364,20.353,20.342,20.37,20.398,20.207,20.291,20.409,20.269,20.269,20.28,20.336,20.42,20.431,20.448,20.499,20.521,20.387,20.42,20.527,20.515,20.482,20.56,21.385,22.587,23.717,22.757,22.269,23.814,23.102,22.675,23.134,23.331,22.082,20.812,20.834,21.435,20.89,22.483,23.852,22.883,22.538,22.274,21.656,20.923,20.957,22.142,22.565,21.623,21.678,21.949,21.717,21.135,21.129,21.112,20.945,20.99,22.302,22.258,21.24,21.329,22.954,22.856,21.922,22.159,21.14,20.392,20.381,20.448,20.521,20.499,20.42,20.431,20.454,20.538,20.521,20.42,20.499,20.504,20.431,20.415,20.431,20.499,20.51,20.448,20.454,20.426,20.403,20.437,20.459,20.51,20.577,20.599,20.437,20.42,20.515,20.538,20.616,20.728,20.711,20.627,20.75,20.784,20.65,20.532,20.499,20.493,20.499,20.521,20.566,20.672,20.627,20.454,20.387,20.443,20.521,20.504,20.409,20.387,20.588,20.795,20.594,20.521,20.605,20.599,20.605,20.521,20.482,20.56,20.599,20.65,20.644,20.599,20.594,20.555,20.549,20.605,20.611,20.638,20.683,20.694,20.627,20.532,20.448,20.403,20.364,20.431,20.504,20.493,20.538,20.387,20.235,20.297,20.319,20.314,20.308,20.353,20.42,20.375,20.336,20.415,20.437,20.252,20.168,20.342,20.409,20.431,20.381,20.325,20.314,20.37,20.415
20.044,20.027,19.954,19.971,19.943,19.971,20.027,20.039,20.022,19.892,19.836,19.926,19.875,20.039,20.106,19.926,20.056,19.971,19.853,19.954,19.847,19.921,20.056,20.044,20.129,20.039,19.949,20.044,20.067,20.123,20.089,19.971,20.016,19.932,19.881,19.999,20.016,20.033,20.027,20.011,20.016,20.067,20.067,20.022,20.106,20.061,20.005,20.084,20.095,20.117,20.106,20.056,20.039,20.056,20.039,19.988,20.044,20.123,20.145,20.145,20.123,20.1,20.072,20.05,20.05,20.061,20.05,20.022,20.011,20.022,20.072,20.129,20.1,20.072,20.089,20.129,20.095,20.022,20.022,20.106,20.112,20.106,20.106,20.112,20.005,20.123,20.252,20.185,20.202,20.235,20.196,20.117,20.106,20.162,20.179,20.117,20.123,20.072,20.05,20.117,20.151,20.129,20.14,20.218,20.168,20.23,20.303,20.263,20.258,20.28,20.28,20.246,20.252,20.207,20.179,20.224,20.336,20.359,20.246,20.179,20.196,20.342,20.353,20.19,20.202,20.258,20.258,20.218,20.224,20.258,20.319,20.342,20.174,20.241,20.37,20.297,20.325,20.325,20.325,20.364,20.398,20.37,20.291,20.263,20.297,20.308,20.314,20.347,20.375,20.364,20.353,20.381,20.291,20.37,20.415,20.297,20.342,20.286,20.314,20.499,20.426,20.459,20.532,20.51,20.594,20.252,20.011,20.426,21.185,22.812,24.161,24.544,25.46,23.641,21.678,22.483,23.2,23.347,23.14,23.085,21.905,21.046,20.962,20.945,20.795,21.24,22.131,22.675,22.807,22.796,22.065,21.007,20.594,22.015,22.73,21.473,21.435,21.623,21.523,21.201,21.129,21.107,21.001,20.901,21.09,21.263,21.224,21.201,21.662,22.015,22.093,21.999,21.073,20.443,20.426,20.443,20.465,20.549,20.515,20.387,20.443,20.499,20.465,20.403,20.443,20.454,20.403,20.375,20.381,20.364,20.437,20.583,20.521,20.465,20.459,20.459,20.471,20.459,20.504,20.594,20.454,20.465,20.527,20.471,20.499,20.555,20.599,20.633,20.616,20.599,20.616,20.644,20.571,20.437,20.398,20.499,20.616,20.661,20.555,20.454,20.521,20.482,20.42,20.471,20.431,20.521,20.672,20.7,20.566,20.549,20.594,20.555,20.566,20.543,20.543,20.611,20.672,20.627,20.527,20.51,20.549,20.493,20.465,20.56,20.527,20.515,20.543,20.543,20.515,20.476,20.398,20.331,20.403,20.409,20.398,20.476,20.487,20.409,20.258,20.179,20.347,20.403,20.353,20.398,20.359,20.381,20.403,20.387,20.431,20.336,20.246,20.308,20.381,20.409,20.331,20.258,20.297,20.392,20.443
20.016,19.994,19.937,19.909,19.881,19.892,19.949,20.011,20.05,19.937,19.87,19.988,20.027,19.966,19.921,19.988,20.056,19.966,19.892,19.971,19.926,19.887,19.943,20.039,19.994,20.056,20.106,20.033,20.016,20.1,20.084,19.932,19.988,19.977,19.96,20.016,19.943,20.033,20.056,19.898,20.005,20.1,20.061,20.011,20.05,20.089,20.089,20.084,20.072,20.033,20.033,20.089,20.061,20.078,20.095,20.072,20.078,20.157,20.174,20.095,20.072,20.067,20.072,20.072,20.033,20.061,20.095,20.061,19.966,20.027,20.1,20.05,20.084,20.089,20.078,20.1,20.123,20.117,20.095,20.106,20.061,20.095,20.14,20.1,20.05,20.089,20.174,20.202,20.162,20.23,20.23,20.1,20.134,20.202,20.185,20.123,20.151,20.134,20.078,20.072,20.1,20.174,20.207,20.185,20.207,20.185,20.185,20.263,20.275,20.275,20.297,20.336,20.308,20.235,20.202,20.241,20.291,20.252,20.207,20.246,20.252,20.291,20.308,20.286,20.314,20.308,20.263,20.241,20.275,20.364,20.347,20.235,20.174,20.269,20.336,20.258,20.28,20.375,20.42,20.375,20.415,20.415,20.364,20.336,20.331,20.325,20.342,20.387,20.347,20.375,20.409,20.381,20.325,20.364,20.375,20.308,20.403,20.398,20.398,20.499,20.359,20.454,20.588,20.443,19.892,20.722,22.439,23.401,24.447,24.952,24.657,24.198,23.516,22.664,22.192,22.34,23.722,23.673,22.872,23.222,24.042,23.298,21.91,21.706,21.324,20.661,20.8,21.728,21.999,21.971,21.977,22.065,21.285,21.507,22.115,21.822,21.257,21.357,21.723,21.601,21.745,21.551,21.207,21.085,20.666,20.873,21.224,21.018,20.745,20.934,21.745,22.373,22.236,21.174,20.37,20.527,20.532,20.499,20.459,20.476,20.465,20.476,20.471,20.437,20.448,20.476,20.437,20.364,20.387,20.415,20.448,20.493,20.431,20.409,20.431,20.443,20.465,20.487,20.499,20.504,20.532,20.51,20.454,20.437,20.471,20.538,20.566,20.543,20.443,20.616,20.767,20.622,20.499,20.465,20.476,20.465,20.577,20.694,20.627,20.465,20.482,20.459,20.454,20.532,20.527,20.622,20.672,20.588,20.51,20.538,20.577,20.527,20.538,20.588,20.616,20.616,20.605,20.549,20.515,20.549,20.51,20.465,20.499,20.571,20.476,20.583,20.644,20.482,20.426,20.499,20.527,20.437,20.448,20.443,20.387,20.359,20.42,20.527,20.409,20.185,20.403,20.443,20.353,20.415,20.381,20.364,20.387,20.415,20.426,20.403,20.347,20.297,20.308,20.42,20.471,20.398,20.375,20.426,20.476
20.005,20.011,19.954,19.875,19.864,19.819,19.847,19.977,20.005,19.932,19.904,19.988,20.067,19.909,19.864,20.089,20.016,19.966,19.982,19.999,19.994,19.937,19.926,19.988,19.921,20.061,20.145,19.982,19.949,19.999,19.994,19.932,19.977,20.005,20.011,20.011,19.898,19.971,20.022,19.892,20.039,20.056,19.999,20.056,20.056,20.117,20.129,20.056,20.089,19.971,19.949,20.14,20.084,20.039,20.117,20.213,20.129,20.157,20.196,20.112,20.078,20.061,20.061,20.061,20.044,20.056,20.084,20.106,20.033,20.123,20.151,20.005,20.095,20.129,20.106,20.129,20.134,20.14,20.112,20.089,20.106,20.117,20.106,20.095,20.089,20.095,20.117,20.14,20.123,20.19,20.202,20.123,20.19,20.269,20.235,20.162,20.157,20.185,20.151,20.089,20.123,20.235,20.263,20.179,20.235,20.174,20.151,20.275,20.269,20.308,20.336,20.314,20.286,20.275,20.258,20.224,20.174,20.202,20.258,20.28,20.342,20.291,20.258,20.359,20.359,20.286,20.258,20.314,20.319,20.353,20.314,20.213,20.286,20.297,20.269,20.303,20.303,20.37,20.398,20.353,20.364,20.387,20.392,20.392,20.381,20.42,20.454,20.443,20.375,20.415,20.454,20.387,20.303,20.331,20.364,20.314,20.415,20.465,20.459,20.487,20.448,20.482,20.555,20.728,21.34,23.069,24.56,24.904,25.817,24.802,22.785,22.076,21.49,22.626,23.809,23.488,23.603,23.396,23.505,24.269,25.647,25.065,23.429,23.107,22.938,22.197,21.385,21.24,21.496,21.789,22.175,22.5,21.706,21.023,21.435,22.131,21.629,21.457,21.855,22.104,22.17,22.076,21.728,21.346,21.107,21.085,21.14,21.073,20.957,20.756,21.229,22.219,23.129,22.054,20.471,20.521,20.588,20.493,20.415,20.543,20.465,20.476,20.515,20.476,20.487,20.487,20.431,20.387,20.426,20.493,20.459,20.353,20.314,20.375,20.443,20.443,20.443,20.527,20.543,20.459,20.571,20.51,20.387,20.437,20.471,20.538,20.56,20.521,20.431,20.644,20.817,20.672,20.583,20.588,20.588,20.51,20.521,20.627,20.638,20.527,20.493,20.482,20.527,20.605,20.616,20.588,20.543,20.527,20.521,20.543,20.566,20.571,20.566,20.616,20.638,20.583,20.549,20.56,20.605,20.622,20.521,20.51,20.588,20.622,20.532,20.611,20.678,20.571,20.549,20.571,20.571,20.504,20.387,20.454,20.459,20.28,20.347,20.487,20.465,20.319,20.381,20.375,20.353,20.415,20.392,20.353,20.359,20.403,20.387,20.387,20.381,20.342,20.275,20.403,20.527,20.454,20.415,20.465,20.527
19.971,19.982,19.988,19.96,19.96,19.904,19.909,20.005,19.892,19.898,19.96,19.926,19.921,19.971,20.022,20.016,19.932,19.921,19.943,19.926,19.921,20.061,20.112,19.994,20.056,20.027,19.971,20.022,19.994,19.937,19.937,20.011,20.072,19.982,19.904,19.954,19.859,19.904,19.994,19.977,20.039,19.982,19.96,20.078,20.089,20.095,20.072,20.056,20.134,20.084,20.027,20.106,20.022,19.954,20.067,20.23,20.151,20.145,20.157,20.084,20.1,20.095,20.056,20.044,20.095,20.106,20.089,20.106,20.106,20.179,20.185,20.078,20.072,20.117,20.179,20.207,20.179,20.078,20.044,20.129,20.213,20.072,19.977,20.129,20.129,20.218,20.218,20.084,20.145,20.151,20.145,20.207,20.1,20.168,20.235,20.123,20.123,20.213,20.218,20.123,20.168,20.224,20.235,20.23,20.19,20.224,20.241,20.19,20.241,20.336,20.336,20.258,20.252,20.258,20.252,20.241,20.207,20.286,20.308,20.207,20.275,20.359,20.347,20.297,20.23,20.179,20.224,20.319,20.342,20.258,20.241,20.353,20.331,20.269,20.297,20.398,20.364,20.319,20.297,20.286,20.314,20.353,20.347,20.308,20.297,20.403,20.493,20.471,20.504,20.499,20.443,20.392,20.336,20.387,20.409,20.347,20.437,20.437,20.443,20.577,20.7,20.611,20.767,21.695,24.721,25.54,23.733,22.763,23.565,23.456,22.087,21.435,22.861,24.651,24.931,24.085,22.971,23.265,24.565,24.984,24.457,24.63,24.63,23.831,24.511,24.08,22.565,21.839,22.291,23.145,22.927,21.861,21.379,21.179,21.446,21.85,22.076,21.606,21.579,22.357,21.988,22.175,22.181,21.407,21.246,21.24,21.301,21.324,21.14,21.157,21.146,21.118,22.516,22.296,20.828,20.403,20.527,20.605,20.521,20.487,20.437,20.471,20.504,20.471,20.476,20.437,20.398,20.42,20.448,20.415,20.387,20.426,20.364,20.454,20.56,20.51,20.465,20.465,20.504,20.527,20.538,20.471,20.398,20.415,20.426,20.426,20.51,20.644,20.583,20.493,20.633,20.89,20.867,20.689,20.571,20.605,20.555,20.471,20.476,20.583,20.717,20.627,20.504,20.577,20.622,20.538,20.443,20.493,20.616,20.616,20.583,20.655,20.638,20.638,20.616,20.577,20.65,20.672,20.616,20.566,20.549,20.56,20.599,20.633,20.638,20.499,20.459,20.638,20.739,20.599,20.398,20.381,20.297,20.392,20.459,20.336,20.291,20.303,20.353,20.375,20.291,20.336,20.443,20.437,20.336,20.381,20.42,20.314,20.325,20.364,20.398,20.415,20.336,20.347,20.359,20.297,20.336,20.465,20.538
19.971,19.999,20.005,20.011,19.96,19.926,19.966,20.022,19.943,19.926,19.988,20.016,19.988,20.005,19.966,19.853,19.881,20.005,20.016,19.909,19.949,20.056,20.072,20.005,20.084,20.022,19.949,20.05,20.145,20.05,19.988,20.106,19.966,19.915,19.982,19.994,19.937,19.96,19.988,19.96,20.061,20.089,20.067,20.1,20.039,20.067,20.106,20.061,20.117,20.14,20.106,20.095,20.033,20.05,20.123,20.157,20.14,20.196,20.185,20.072,20.151,20.106,20.039,20.106,20.022,20.1,20.185,20.1,20.067,20.145,20.168,20.061,20.05,20.056,20.1,20.157,20.151,20.072,20.05,20.123,20.072,20.089,20.106,20.067,20.151,20.157,20.123,20.162,20.157,20.179,20.185,20.157,20.145,20.179,20.19,20.174,20.162,20.202,20.218,20.168,20.134,20.162,20.185,20.157,20.061,20.196,20.353,20.303,20.303,20.291,20.291,20.325,20.347,20.308,20.252,20.258,20.241,20.275,20.269,20.213,20.263,20.325,20.314,20.28,20.314,20.291,20.263,20.303,20.37,20.286,20.235,20.353,20.342,20.336,20.359,20.364,20.331,20.353,20.392,20.381,20.325,20.291,20.314,20.336,20.353,20.319,20.342,20.437,20.42,20.493,20.521,20.409,20.297,20.319,20.381,20.353,20.392,20.437,20.454,20.459,20.297,20.555,22.434,24.694,25.145,24.839,23.993,23.134,22.109,22.45,23.254,23.107,23.096,24.177,25.129,24.796,24.085,22.659,22.483,23.657,23.363,24.56,25.759,25.215,24.247,24.107,23.863,22.752,22.587,22.807,22.921,22.708,22.307,21.861,21.761,21.861,21.579,20.834,21.118,22.357,22.549,22.015,21.501,21.545,21.623,21.246,20.867,20.957,20.984,20.957,20.773,20.728,21.883,21.883,20.778,20.336,20.476,20.588,20.51,20.471,20.398,20.471,20.515,20.409,20.415,20.493,20.515,20.459,20.426,20.448,20.482,20.476,20.459,20.465,20.482,20.482,20.476,20.37,20.37,20.538,20.605,20.476,20.353,20.431,20.532,20.499,20.471,20.588,20.627,20.627,20.694,20.828,20.884,20.728,20.532,20.51,20.515,20.571,20.577,20.549,20.75,20.733,20.543,20.499,20.504,20.661,20.717,20.588,20.577,20.65,20.694,20.672,20.728,20.638,20.532,20.588,20.661,20.678,20.594,20.515,20.532,20.543,20.549,20.566,20.527,20.538,20.588,20.627,20.717,20.583,20.403,20.42,20.415,20.459,20.465,20.387,20.263,20.308,20.398,20.37,20.37,20.381,20.403,20.409,20.336,20.381,20.381,20.258,20.37,20.398,20.392,20.476,20.543,20.426,20.319,20.398,20.314,20.375,20.482
20.011,19.988,19.966,20.016,19.982,19.96,19.988,20.033,20.011,19.977,19.96,19.966,19.977,20.022,19.971,19.853,19.943,20.039,19.977,19.875,19.943,19.999,19.994,20.005,20.044,20.084,20.056,19.994,20.033,20.1,20.1,20.044,20.061,20.016,19.966,19.994,19.999,19.971,19.949,19.977,20.022,20.084,20.089,20.067,20.078,20.067,20.044,20.056,20.067,20.1,20.078,20.016,20.044,20.095,20.112,20.106,20.112,20.174,20.157,20.061,20.095,20.072,20.039,20.084,20.056,20.072,20.089,20.072,20.078,20.134,20.162,20.129,20.134,20.112,20.078,20.095,20.145,20.151,20.095,20.067,20.039,20.129,20.123,19.988,20.1,20.134,20.106,20.162,20.157,20.202,20.224,20.19,20.202,20.269,20.246,20.134,20.106,20.14,20.174,20.174,20.14,20.207,20.23,20.151,20.145,20.235,20.303,20.269,20.252,20.269,20.342,20.403,20.297,20.291,20.342,20.308,20.291,20.275,20.291,20.342,20.359,20.336,20.297,20.28,20.325,20.353,20.308,20.246,20.303,20.353,20.336,20.314,20.28,20.37,20.403,20.303,20.275,20.336,20.392,20.364,20.342,20.364,20.398,20.398,20.415,20.375,20.353,20.415,20.443,20.493,20.476,20.403,20.342,20.409,20.443,20.387,20.605,20.566,20.7,21.329,22.115,22.834,23.971,25.118,24.085,23.749,23.982,23.488,22.615,22.812,24.247,25.075,23.586,23.254,24.35,24.641,23.445,22.587,23.036,23.744,23.793,24.371,24.947,24.823,24.274,24.565,24.71,23.782,22.817,21.667,22.23,23.917,24.123,22.916,22.004,22.362,21.922,21.728,21.872,22.098,23.472,23.036,21.645,21.629,21.916,21.673,22.087,23.369,23.369,22.932,22.527,22.351,21.966,22.763,22.708,21.035,20.627,20.459,20.431,20.471,20.471,20.476,20.465,20.454,20.459,20.538,20.549,20.465,20.426,20.487,20.527,20.482,20.532,20.454,20.403,20.499,20.521,20.431,20.42,20.549,20.493,20.42,20.398,20.409,20.454,20.482,20.566,20.711,20.8,20.817,20.761,20.711,20.611,20.549,20.549,20.566,20.616,20.633,20.583,20.549,20.644,20.672,20.622,20.627,20.583,20.644,20.706,20.65,20.566,20.583,20.644,20.655,20.689,20.577,20.538,20.689,20.683,20.627,20.56,20.543,20.661,20.594,20.482,20.532,20.426,20.555,20.655,20.527,20.594,20.566,20.465,20.431,20.415,20.409,20.426,20.431,20.353,20.37,20.398,20.347,20.437,20.426,20.364,20.403,20.437,20.381,20.308,20.325,20.331,20.42,20.499,20.487,20.431,20.336,20.336,20.426,20.398,20.347,20.331
20.022,19.966,19.937,20.022,20.005,19.982,19.966,19.954,19.943,19.937,19.943,19.949,19.921,19.977,20.011,19.971,19.994,19.96,19.898,19.892,19.932,20.011,20.022,19.982,19.982,20.056,20.078,20.016,19.926,20.061,20.117,19.954,20.095,20.1,19.954,19.915,19.999,20.005,19.994,20.056,20.027,20.022,20.022,20.011,20.1,20.084,20.033,20.067,20.061,20.044,20.022,20.011,20.061,20.084,20.072,20.095,20.089,20.123,20.129,20.095,20.134,20.1,20.05,20.072,20.129,20.089,20.039,20.089,20.072,20.095,20.151,20.185,20.174,20.168,20.151,20.123,20.179,20.196,20.123,20.067,20.123,20.151,20.078,20.005,20.072,20.162,20.162,20.117,20.168,20.213,20.224,20.235,20.179,20.269,20.28,20.106,20.089,20.14,20.174,20.168,20.179,20.263,20.303,20.275,20.303,20.286,20.224,20.202,20.218,20.325,20.392,20.342,20.224,20.308,20.409,20.319,20.314,20.28,20.297,20.37,20.387,20.336,20.275,20.275,20.258,20.331,20.336,20.235,20.291,20.364,20.347,20.297,20.286,20.381,20.387,20.269,20.297,20.342,20.336,20.325,20.347,20.443,20.476,20.42,20.415,20.471,20.476,20.415,20.471,20.471,20.448,20.465,20.381,20.459,20.806,21.151,21.168,21.335,21.944,22.697,23.483,24.231,24.333,23.961,23.358,23.532,23.89,23.679,24.08,24.177,24.7,25.551,24.301,23.391,23.472,23.483,22.692,23.82,25.156,24.646,24.253,23.782,23.765,24.171,24.737,24.957,24.226,23.205,22.335,21.872,22.532,23.57,24.279,22.987,21.91,22.812,22.642,23.118,22.894,21.772,23.047,23.2,21.971,21.429,21.861,22.313,23.216,24.436,24.581,24.263,23.711,23.194,22.126,23.222,23.928,22.203,21.001,20.375,20.431,20.476,20.527,20.476,20.426,20.476,20.437,20.499,20.527,20.426,20.403,20.465,20.499,20.465,20.515,20.476,20.409,20.437,20.499,20.538,20.527,20.499,20.37,20.415,20.476,20.375,20.325,20.426,20.594,20.689,20.901,20.996,20.828,20.627,20.504,20.594,20.661,20.549,20.605,20.555,20.499,20.566,20.543,20.543,20.611,20.689,20.661,20.566,20.543,20.605,20.532,20.515,20.571,20.599,20.588,20.566,20.622,20.728,20.7,20.644,20.611,20.611,20.711,20.633,20.499,20.521,20.448,20.538,20.594,20.493,20.555,20.594,20.515,20.426,20.375,20.387,20.42,20.431,20.437,20.392,20.336,20.331,20.426,20.415,20.347,20.375,20.471,20.387,20.314,20.426,20.331,20.403,20.499,20.403,20.235,20.28,20.403,20.381,20.482,20.42,20.308
19.977,19.966,19.982,20.044,19.999,19.988,19.949,19.859,19.83,19.864,19.982,20.078,19.949,19.926,19.999,19.988,19.943,19.909,19.926,19.971,19.982,20.089,20.106,19.977,19.96,19.921,19.988,20.145,20.117,20.067,20.044,20.016,19.887,20.011,20.061,19.864,19.994,20.123,20.134,20.117,20.123,20.061,19.994,20.005,20.016,20.106,20.14,20.089,20.112,20.084,20.061,20.112,20.106,20.106,20.1,20.089,20.1,20.14,20.157,20.151,20.308,20.202,20.056,20.162,20.117,20.145,20.196,20.145,20.011,20.022,20.129,20.151,20.1,20.134,20.202,20.196,20.19,20.145,20.117,20.145,20.151,20.151,20.129,20.1,20.145,20.19,20.168,20.14,20.185,20.218,20.218,20.202,20.14,20.179,20.224,20.179,20.196,20.235,20.23,20.19,20.19,20.224,20.303,20.37,20.291,20.269,20.286,20.269,20.303,20.392,20.353,20.218,20.286,20.403,20.387,20.275,20.291,20.291,20.252,20.252,20.303,20.275,20.235,20.263,20.246,20.336,20.375,20.303,20.409,20.336,20.224,20.308,20.37,20.42,20.364,20.28,20.375,20.403,20.375,20.403,20.347,20.403,20.448,20.392,20.398,20.465,20.487,20.431,20.392,20.448,20.555,20.594,20.42,20.616,21.49,22.252,21.612,22.302,23.467,23.32,22.456,22.992,24.236,24.355,23.868,23.717,23.944,24.047,24.366,24.872,25.113,24.968,24.71,24.296,23.478,22.817,23.901,25.15,25.177,24.425,23.554,23.238,24.053,24.904,24.63,24.215,23.145,21.778,21.723,23.418,23.825,22.17,22.878,22.362,21.877,22.85,22.681,23.151,22.943,21.64,21.568,21.745,21.545,21.201,21.667,22.615,22.735,22.087,22.549,22.916,22.467,21.789,21.629,22.01,22.713,22.91,21.401,20.454,20.527,20.476,20.482,20.499,20.459,20.403,20.308,20.448,20.549,20.415,20.37,20.437,20.504,20.482,20.482,20.527,20.454,20.308,20.431,20.515,20.476,20.431,20.42,20.504,20.51,20.403,20.364,20.443,20.459,20.403,20.795,21.112,20.918,20.594,20.706,20.94,20.778,20.364,20.443,20.504,20.504,20.56,20.555,20.543,20.532,20.527,20.549,20.605,20.616,20.56,20.471,20.571,20.655,20.566,20.599,20.661,20.661,20.633,20.678,20.722,20.7,20.633,20.594,20.605,20.571,20.482,20.515,20.56,20.566,20.566,20.616,20.633,20.56,20.499,20.476,20.504,20.482,20.403,20.409,20.353,20.303,20.342,20.415,20.403,20.325,20.314,20.387,20.409,20.403,20.443,20.437,20.398,20.342,20.319,20.303,20.409,20.476,20.415,20.471,20.493,20.476
19.898,19.982,20.039,19.943,20.022,20.027,19.96,19.932,19.932,19.966,19.982,19.971,19.966,19.982,19.977,19.937,19.926,19.921,19.915,19.915,19.932,20.027,20.056,19.96,19.892,19.994,20.078,20.011,20.061,20.056,20.056,20.095,19.937,19.909,19.954,19.915,20.011,20.145,20.123,20.005,20.067,20.056,19.994,20.011,20.033,20.089,20.056,19.96,20.112,20.117,20.005,20.011,20.151,20.14,20.061,20.123,20.112,20.106,20.112,20.129,20.179,20.174,20.145,20.157,20.1,20.067,20.129,20.19,20.027,19.977,20.089,20.151,20.134,20.117,20.117,20.106,20.044,20.084,20.129,20.084,20.05,20.044,20.056,20.078,20.1,20.235,20.258,20.134,20.213,20.213,20.174,20.224,20.291,20.241,20.168,20.19,20.145,20.185,20.224,20.185,20.168,20.185,20.23,20.252,20.19,20.202,20.241,20.224,20.23,20.319,20.359,20.291,20.297,20.364,20.353,20.258,20.224,20.297,20.325,20.252,20.291,20.275,20.241,20.269,20.269,20.331,20.347,20.303,20.375,20.342,20.246,20.241,20.235,20.314,20.359,20.319,20.308,20.37,20.415,20.387,20.291,20.353,20.42,20.353,20.409,20.415,20.437,20.532,20.487,20.482,20.364,20.224,20.543,22.357,23.282,22.241,21.285,22.483,23.89,23.32,22.434,23.527,24.544,23.706,24.49,23.738,22.927,23.836,24.431,25.054,24.7,23.831,24.501,24.764,24.339,24.215,25.006,25.043,24.414,24.306,24.941,23.982,23.325,24.253,23.14,21.407,21.157,22.307,23.396,24.09,23.282,22.17,23.657,23.532,22.724,23.342,22.965,23.592,23.314,21.485,21.218,21.623,21.8,21.485,21.313,22.812,23.423,21.927,21.407,21.584,21.739,21.368,21.285,21.19,22.109,23.336,21.905,20.644,20.448,20.403,20.527,20.549,20.459,20.437,20.454,20.493,20.493,20.465,20.426,20.538,20.594,20.493,20.51,20.493,20.42,20.37,20.409,20.426,20.476,20.555,20.347,20.443,20.605,20.471,20.364,20.415,20.409,20.291,20.577,20.973,20.951,20.644,20.599,20.778,20.784,20.549,20.644,20.65,20.56,20.549,20.555,20.616,20.616,20.543,20.487,20.566,20.627,20.56,20.515,20.527,20.594,20.65,20.666,20.678,20.627,20.549,20.616,20.616,20.56,20.549,20.454,20.577,20.638,20.465,20.487,20.532,20.515,20.482,20.415,20.599,20.773,20.683,20.482,20.493,20.527,20.381,20.398,20.269,20.252,20.454,20.42,20.415,20.37,20.263,20.314,20.42,20.459,20.415,20.308,20.403,20.465,20.331,20.252,20.375,20.499,20.437,20.426,20.527,20.622
19.971,19.988,19.96,19.892,19.926,19.932,19.909,19.915,19.898,19.96,19.988,19.926,19.949,19.971,19.954,19.943,19.999,20.005,19.943,19.921,19.881,19.926,19.982,19.988,19.96,20.05,20.061,19.937,20.061,20.112,20.072,20.078,20.044,19.932,19.921,20.039,20.056,20.044,20.05,20.078,20.072,20.061,20.072,20.1,20.129,20.117,20.078,20.067,20.016,20.067,20.123,20.089,20.089,20.14,20.145,20.095,20.033,20.106,20.202,20.174,20.145,20.162,20.202,20.196,20.106,20.056,20.106,20.157,20.089,20.078,20.117,20.129,20.218,20.134,20.1,20.258,20.168,20.039,20.056,20.162,20.084,20.078,20.1,20.078,20.218,20.202,20.117,20.168,20.235,20.196,20.168,20.241,20.235,20.224,20.162,20.1,20.174,20.235,20.235,20.23,20.202,20.275,20.297,20.202,20.196,20.224,20.263,20.297,20.207,20.308,20.387,20.263,20.286,20.375,20.398,20.336,20.331,20.347,20.347,20.331,20.331,20.37,20.359,20.286,20.297,20.286,20.252,20.258,20.331,20.364,20.246,20.129,20.196,20.381,20.471,20.409,20.347,20.359,20.426,20.443,20.331,20.336,20.431,20.454,20.431,20.482,20.527,20.51,20.476,20.308,20.784,21.883,23.042,23.554,23.211,22.85,22.346,22.357,22.889,23.205,22.943,23.374,24.031,23.988,23.646,23.025,23.309,24.35,24.743,24.274,23.57,23.646,24.657,25.498,25.359,24.952,25.15,24.813,24.898,25.764,25.78,24.829,23.374,22.412,21.457,22.032,23.717,24.479,23.592,23.058,22.823,22.335,23.042,23.771,23.684,23.222,22.845,23.494,23.668,22.505,21.268,21.982,22.932,22.137,21.19,22.131,23.227,22.439,21.079,21.023,21.54,21.135,21.224,21.112,21.712,22.834,22.615,21.313,20.37,20.527,20.471,20.499,20.521,20.471,20.443,20.409,20.431,20.51,20.493,20.611,20.599,20.381,20.387,20.454,20.487,20.471,20.431,20.459,20.515,20.527,20.465,20.471,20.515,20.487,20.403,20.437,20.493,20.459,20.459,20.767,20.918,20.683,20.571,20.678,20.756,20.638,20.622,20.627,20.566,20.465,20.437,20.555,20.622,20.56,20.56,20.571,20.566,20.555,20.555,20.577,20.583,20.594,20.711,20.711,20.577,20.51,20.532,20.605,20.611,20.555,20.555,20.577,20.555,20.515,20.543,20.521,20.471,20.465,20.381,20.56,20.767,20.722,20.599,20.672,20.7,20.499,20.448,20.297,20.308,20.515,20.403,20.353,20.37,20.353,20.398,20.437,20.409,20.37,20.437,20.387,20.319,20.37,20.387,20.465,20.51,20.476,20.392,20.403,20.459
20.039,20.011,19.909,19.887,19.881,19.898,19.898,19.87,19.819,19.892,19.994,19.994,19.949,19.966,20.011,20.011,20.05,20.011,19.943,19.943,19.915,19.887,19.926,20.011,20.011,20.011,19.994,19.982,20.106,20.129,20.027,19.982,20.084,20.033,19.977,20.084,20.011,19.926,20.005,20.151,20.134,20.056,20.061,20.145,20.151,20.106,20.112,20.162,19.971,20.022,20.196,20.185,20.044,20.112,20.207,20.112,20.033,20.145,20.258,20.185,20.151,20.151,20.196,20.218,20.112,20.106,20.134,20.095,20.117,20.179,20.162,20.089,20.196,20.151,20.123,20.269,20.252,20.106,20.078,20.213,20.174,20.162,20.14,20.084,20.207,20.1,20.033,20.235,20.258,20.202,20.179,20.213,20.129,20.145,20.157,20.1,20.23,20.291,20.252,20.246,20.246,20.303,20.297,20.213,20.246,20.28,20.308,20.342,20.235,20.331,20.392,20.258,20.314,20.398,20.398,20.359,20.398,20.359,20.331,20.409,20.409,20.437,20.409,20.325,20.336,20.291,20.246,20.275,20.336,20.359,20.297,20.246,20.286,20.409,20.487,20.471,20.459,20.409,20.398,20.454,20.392,20.387,20.459,20.51,20.375,20.678,21.04,21.023,21.04,21.7,22.982,23.928,24.123,23.096,22.648,23.467,23.129,22.285,22.472,23.619,23.814,24.112,24.274,24.004,23.063,23.603,24.684,24.581,24.608,23.668,23.412,24.517,24.855,25.225,25.263,24.968,24.968,25.182,25.823,26.38,25.823,25.059,23.738,22.39,23.069,24.92,25.588,24.549,23.02,23.254,24.074,23.478,22.96,23.352,23.673,23.091,22.801,22.587,23.254,24.08,22.148,22.07,23.543,23.548,21.916,21.24,22.247,22.894,21.75,21.318,21.534,21.246,21.285,21.385,21.545,21.877,23.211,22.203,20.426,20.577,20.426,20.426,20.499,20.471,20.375,20.359,20.459,20.543,20.527,20.538,20.482,20.353,20.336,20.493,20.566,20.448,20.448,20.504,20.527,20.499,20.56,20.51,20.415,20.437,20.42,20.482,20.543,20.527,20.431,20.594,20.767,20.7,20.616,20.711,20.773,20.633,20.543,20.538,20.527,20.465,20.448,20.493,20.56,20.599,20.577,20.577,20.583,20.566,20.588,20.638,20.616,20.543,20.627,20.666,20.605,20.555,20.577,20.666,20.683,20.605,20.622,20.56,20.515,20.566,20.571,20.51,20.482,20.549,20.566,20.583,20.65,20.745,20.767,20.756,20.694,20.605,20.465,20.392,20.409,20.409,20.37,20.325,20.353,20.443,20.493,20.454,20.375,20.375,20.543,20.392,20.218,20.375,20.476,20.549,20.527,20.454,20.336,20.347,20.42
19.949,20.044,19.988,19.853,19.954,20.022,19.977,19.937,19.904,19.932,19.999,20.044,19.999,20.05,20.1,20.039,19.999,19.926,19.887,19.915,19.977,19.937,19.909,19.988,19.915,19.977,20.05,20.011,20.089,20.072,19.966,19.937,20.056,20.05,19.999,20.039,19.915,19.937,20.033,20.033,20.123,20.039,19.971,20.089,20.067,20.061,20.056,20.027,20.05,20.078,20.084,20.095,20.112,20.095,20.129,20.213,20.162,20.162,20.168,20.123,20.089,20.14,20.202,20.174,20.123,20.112,20.117,20.1,20.089,20.151,20.151,20.056,20.078,20.151,20.106,19.994,20.078,20.235,20.23,20.106,20.174,20.14,20.061,20.084,20.005,20.067,20.213,20.275,20.28,20.241,20.196,20.185,20.202,20.129,20.117,20.235,20.224,20.258,20.258,20.196,20.23,20.202,20.162,20.202,20.218,20.263,20.286,20.263,20.235,20.291,20.37,20.381,20.37,20.359,20.325,20.286,20.28,20.297,20.359,20.426,20.448,20.387,20.336,20.37,20.375,20.364,20.359,20.375,20.364,20.336,20.403,20.515,20.336,20.252,20.359,20.454,20.504,20.465,20.387,20.375,20.398,20.448,20.476,20.482,20.459,20.951,21.629,21.971,22.07,24.047,25.295,24.042,22.186,22.324,23.483,23.2,22.401,22.565,23.722,24.479,24.673,25.945,25.487,23.118,24.123,25.412,25.065,23.961,23.961,24.123,24.506,24.952,24.603,24.15,24.527,25.364,25.455,25.748,25.583,24.974,25.94,25.043,23.771,24.527,26.258,25.61,23.178,22.445,23.717,25.508,25.817,25.006,24.823,23.803,23.129,23.499,23.145,21.822,22.456,24.737,23.347,21.828,22.976,24.861,22.889,21.14,21.761,22.889,22.384,21.473,21.229,21.512,21.207,21.268,21.44,21.512,23.325,22.763,20.739,20.398,20.487,20.459,20.37,20.482,20.465,20.459,20.515,20.571,20.527,20.431,20.415,20.487,20.476,20.566,20.538,20.353,20.431,20.448,20.493,20.622,20.471,20.459,20.499,20.42,20.42,20.504,20.471,20.331,20.387,20.471,20.599,20.728,20.594,20.7,20.828,20.722,20.722,20.622,20.527,20.577,20.633,20.583,20.577,20.672,20.471,20.538,20.689,20.605,20.627,20.622,20.616,20.644,20.515,20.577,20.683,20.627,20.733,20.672,20.555,20.577,20.448,20.515,20.627,20.571,20.515,20.482,20.527,20.611,20.689,20.644,20.678,20.851,20.823,20.588,20.465,20.566,20.409,20.426,20.443,20.291,20.347,20.403,20.392,20.387,20.448,20.476,20.443,20.415,20.392,20.42,20.42,20.37,20.375,20.499,20.543,20.426,20.319,20.499,20.706
19.875,19.898,19.909,19.881,19.836,19.898,19.977,19.966,19.966,20.011,20.027,19.994,19.977,20.011,20.016,19.988,20.039,20.033,19.971,19.937,19.937,19.943,19.999,20.067,19.921,20.016,20.134,20.016,20.039,20.095,20.05,19.943,19.954,20.027,20.05,20.005,19.954,20.033,20.078,20.005,20.084,20.095,20.016,19.982,20.039,20.168,20.157,20.005,20.011,20.061,20.1,20.106,20.067,20.061,20.123,20.179,20.123,20.095,20.145,20.207,20.145,20.179,20.202,20.129,20.129,20.117,20.095,20.095,20.039,20.117,20.134,19.994,20.056,20.078,20.089,20.157,20.151,20.224,20.218,20.084,20.106,20.1,20.134,20.224,20.117,20.123,20.213,20.207,20.168,20.224,20.269,20.207,20.207,20.168,20.157,20.224,20.207,20.291,20.303,20.179,20.213,20.241,20.241,20.252,20.246,20.269,20.286,20.275,20.297,20.263,20.308,20.448,20.342,20.303,20.353,20.359,20.291,20.263,20.331,20.403,20.342,20.303,20.308,20.314,20.325,20.387,20.387,20.314,20.286,20.286,20.353,20.426,20.319,20.347,20.409,20.37,20.515,20.493,20.398,20.459,20.611,20.42,20.241,20.543,21.479,21.712,21.673,22.285,22.779,24.452,24.898,23.336,22.192,22.412,22.741,22.059,22.362,23.575,25.059,25.887,26.406,25.129,23.825,24.231,24.624,24.608,24.247,24.123,23.988,25.059,25.514,24.484,24.387,24.533,24.77,25.027,25.626,25.738,24.952,24.258,24.721,25.492,25.796,25.647,25.364,25.556,25.204,24.171,24.317,25.562,25.61,24.339,25.887,25.3,23.352,23.047,22.878,21.96,22.489,24.452,24.063,22.175,22.236,24.258,23.2,21.507,21.44,22.5,22.637,21.778,21.157,21.49,21.329,21.379,21.518,21.601,22.412,23.107,22.076,20.286,20.336,20.454,20.409,20.487,20.459,20.437,20.465,20.487,20.42,20.431,20.476,20.459,20.443,20.515,20.521,20.42,20.403,20.426,20.499,20.56,20.431,20.465,20.555,20.499,20.476,20.431,20.403,20.415,20.42,20.398,20.527,20.745,20.515,20.672,20.923,20.823,20.867,20.739,20.566,20.56,20.622,20.644,20.644,20.683,20.583,20.527,20.577,20.633,20.622,20.588,20.616,20.672,20.504,20.543,20.711,20.733,20.806,20.689,20.555,20.583,20.482,20.415,20.465,20.543,20.549,20.476,20.487,20.611,20.622,20.594,20.549,20.543,20.666,20.622,20.499,20.504,20.403,20.504,20.543,20.353,20.291,20.392,20.437,20.331,20.392,20.465,20.437,20.381,20.42,20.359,20.297,20.359,20.331,20.487,20.638,20.622,20.728,20.717,20.638
19.949,19.915,19.909,19.915,19.898,19.926,20.011,20.067,19.988,19.898,19.898,19.943,19.921,19.943,19.999,20.039,20.039,20.005,19.994,20.027,19.937,19.988,20.1,20.1,20.027,20.027,20.067,20.056,19.994,20.1,20.1,19.898,19.954,20.005,20.005,20.022,19.954,19.971,20.039,20.061,20.072,20.061,20.067,20.117,20.151,20.151,20.112,20.078,20.044,20.056,20.123,20.179,20.112,20.112,20.162,20.157,20.1,20.072,20.145,20.252,20.325,20.246,20.106,20.089,20.117,20.14,20.123,20.106,20.123,20.151,20.089,19.994,20.106,20.174,20.168,20.174,20.117,20.151,20.19,20.157,20.117,20.112,20.185,20.263,20.218,20.14,20.145,20.213,20.196,20.258,20.291,20.235,20.263,20.275,20.241,20.218,20.258,20.319,20.286,20.19,20.168,20.235,20.286,20.263,20.269,20.325,20.347,20.319,20.353,20.291,20.269,20.375,20.336,20.286,20.291,20.325,20.303,20.331,20.37,20.353,20.291,20.286,20.325,20.331,20.275,20.381,20.454,20.353,20.297,20.381,20.392,20.269,20.359,20.471,20.459,20.409,20.476,20.476,20.426,20.437,20.325,20.8,21.606,22.004,22.054,22.104,22.34,22.62,22.686,23.336,23.488,22.73,22.417,21.933,22.351,23.581,24.22,24.431,24.909,25.748,25.839,24.99,24.576,25.161,24.888,25.145,25.466,25.188,24.861,24.829,24.952,24.92,25.059,24.99,25.054,25.434,25.727,25.375,25.166,25.594,25.354,25.567,26.168,26.263,24.834,25.498,26.295,24.904,23.722,24.678,25.038,23.309,24.404,24.425,23.412,23.173,23.02,22.291,22.423,23.679,24.382,22.861,21.651,22.746,23.293,22.241,21.168,21.756,23.025,22.472,21.185,21.34,21.374,21.396,21.579,21.866,21.606,22.949,22.883,20.465,20.364,20.487,20.487,20.538,20.459,20.437,20.431,20.387,20.426,20.499,20.521,20.493,20.437,20.476,20.51,20.459,20.454,20.465,20.504,20.543,20.487,20.415,20.437,20.504,20.426,20.42,20.448,20.431,20.476,20.42,20.471,20.689,20.745,20.739,20.784,20.901,20.923,20.789,20.594,20.527,20.577,20.633,20.638,20.633,20.605,20.577,20.538,20.521,20.644,20.666,20.627,20.672,20.566,20.532,20.633,20.733,20.761,20.678,20.571,20.566,20.599,20.476,20.443,20.605,20.532,20.549,20.611,20.583,20.549,20.538,20.499,20.459,20.611,20.605,20.521,20.566,20.493,20.465,20.476,20.443,20.342,20.42,20.398,20.174,20.342,20.42,20.387,20.426,20.426,20.37,20.398,20.538,20.549,20.7,20.806,20.739,20.773,20.739,20.678
20.011,19.999,19.977,19.915,19.971,20.027,20.039,20.027,19.949,19.842,19.853,19.96,19.943,19.971,20.033,20.061,19.977,19.943,19.994,20.039,19.96,20.016,20.095,20.061,20.095,20.039,19.994,20.056,19.982,20.095,20.123,19.937,20.022,20.022,19.988,20.044,19.971,19.96,20.033,20.084,20.1,20.05,20.078,20.202,20.19,20.061,20.022,20.134,20.123,20.067,20.089,20.179,20.151,20.129,20.14,20.151,20.145,20.106,20.112,20.19,20.342,20.179,19.999,20.117,20.112,20.134,20.151,20.145,20.196,20.185,20.112,20.1,20.157,20.218,20.179,20.1,20.106,20.123,20.145,20.174,20.14,20.134,20.162,20.185,20.202,20.129,20.117,20.235,20.286,20.258,20.218,20.252,20.286,20.342,20.303,20.207,20.23,20.235,20.213,20.207,20.162,20.23,20.303,20.269,20.286,20.37,20.387,20.325,20.331,20.325,20.303,20.303,20.381,20.336,20.252,20.286,20.336,20.375,20.37,20.347,20.314,20.347,20.398,20.387,20.319,20.347,20.409,20.387,20.314,20.426,20.443,20.258,20.347,20.448,20.476,20.487,20.443,20.538,20.789,21.001,20.984,21.739,22.927,23.499,23.211,23.298,23.211,22.483,22.004,22.318,22.631,22.225,21.91,21.905,23.374,25.22,24.872,24.506,24.635,24.667,23.993,24.968,25.95,25.295,24.941,25.727,26.544,26.205,25.636,24.468,24.452,25.61,25.61,25.482,25.716,26.067,25.812,25.54,26.041,26.734,25.844,24.99,25.663,26.718,25.37,25.3,25.913,25.124,22.883,23.401,24.484,23.14,22.62,22.932,23.635,23.879,24.107,23.069,22.247,22.921,24.204,23.624,21.982,21.794,22.823,23.025,21.91,21.279,22.889,22.828,21.496,21.34,21.523,21.368,21.301,21.662,21.346,22.203,22.62,21.49,20.717,20.431,20.549,20.527,20.454,20.487,20.499,20.415,20.448,20.487,20.487,20.471,20.448,20.482,20.499,20.465,20.521,20.487,20.459,20.532,20.538,20.42,20.359,20.443,20.359,20.426,20.487,20.409,20.476,20.493,20.493,20.577,20.839,20.728,20.605,20.839,20.8,20.717,20.599,20.51,20.605,20.577,20.515,20.583,20.527,20.594,20.605,20.487,20.65,20.678,20.605,20.638,20.627,20.599,20.611,20.672,20.7,20.655,20.577,20.577,20.638,20.616,20.605,20.683,20.588,20.588,20.622,20.571,20.543,20.538,20.566,20.611,20.622,20.644,20.633,20.594,20.566,20.426,20.342,20.415,20.437,20.465,20.342,20.162,20.314,20.42,20.409,20.415,20.415,20.482,20.577,20.622,20.694,20.761,20.745,20.678,20.515,20.504,20.588
19.949,19.949,19.999,19.937,19.875,19.999,20.033,19.864,19.909,19.982,20.005,20.011,20.039,20.056,20.027,19.977,19.943,20.027,20.056,19.966,19.96,20.005,20.044,20.039,20.061,20.095,20.067,20.005,19.994,20.112,20.162,20.072,20.027,20.05,20.061,20.027,20.05,20.117,20.112,20.033,20.117,20.151,20.084,20.044,20.078,20.089,20.084,20.106,20.145,20.089,20.039,20.089,20.084,20.056,20.067,20.123,20.174,20.123,20.078,20.14,20.174,20.039,20.005,20.179,20.134,20.117,20.157,20.179,20.129,20.151,20.207,20.207,20.157,20.089,20.095,20.162,20.224,20.179,20.095,20.106,20.095,20.123,20.157,20.162,20.168,20.151,20.168,20.218,20.246,20.207,20.185,20.246,20.241,20.331,20.325,20.162,20.123,20.134,20.179,20.218,20.202,20.291,20.359,20.308,20.314,20.353,20.353,20.314,20.275,20.319,20.37,20.364,20.42,20.403,20.359,20.381,20.398,20.325,20.303,20.381,20.314,20.387,20.459,20.387,20.398,20.325,20.269,20.314,20.275,20.319,20.381,20.359,20.286,20.375,20.504,20.499,20.493,20.851,21.579,22.225,22.79,22.735,22.796,23.592,24.791,24.909,23.483,22.219,21.877,22.56,22.664,21.689,21.396,23.014,24.667,24.49,23.467,24.425,25.54,24.646,23.836,24.15,25.065,25.22,24.909,24.727,25.476,26.391,25.679,25.3,25.54,25.594,25.327,26.035,26.581,26.078,26.009,26.242,26.343,25.956,24.597,24.603,26.279,27.218,25.695,24.882,25.855,26.338,23.107,22.604,24.085,23.635,23.167,23.516,24.128,24.198,25.145,24.004,22.291,22.598,23.933,24.085,22.708,21.822,22.07,23.429,23.194,21.34,22.142,22.642,22.048,21.518,21.783,21.59,21.14,21.146,21.207,21.573,22.329,22.746,21.168,20.331,20.56,20.465,20.437,20.51,20.566,20.527,20.364,20.392,20.454,20.359,20.431,20.499,20.499,20.493,20.527,20.454,20.403,20.487,20.515,20.51,20.476,20.437,20.392,20.387,20.431,20.471,20.437,20.504,20.549,20.504,20.566,20.588,20.622,20.711,20.661,20.666,20.627,20.521,20.678,20.571,20.443,20.583,20.515,20.555,20.644,20.638,20.599,20.555,20.566,20.616,20.638,20.683,20.706,20.7,20.75,20.666,20.594,20.655,20.605,20.622,20.683,20.7,20.728,20.538,20.443,20.605,20.56,20.56,20.605,20.622,20.538,20.778,20.845,20.51,20.577,20.521,20.364,20.347,20.448,20.454,20.37,20.353,20.314,20.471,20.499,20.308,20.437,20.56,20.543,20.499,20.571,20.521,20.499,20.599,20.482,20.331,20.28
19.971,19.932,20.022,20.123,19.966,19.982,20.056,19.966,19.921,19.875,19.949,20.084,19.988,20.027,20.095,20.027,20.027,19.999,19.994,20.039,20.022,20.005,19.994,20.011,20.112,20.084,19.994,20.016,20.056,20.095,20.072,20.027,20.016,19.988,19.988,20.05,20.072,20.039,20.039,20.112,20.151,20.151,20.129,20.129,20.157,20.213,20.185,20.095,20.123,20.095,20.044,20.05,20.011,20.067,20.123,20.1,20.056,20.117,20.196,20.179,20.151,20.084,20.084,20.157,20.067,20.157,20.246,20.151,20.117,20.174,20.218,20.19,20.157,20.14,20.123,20.106,20.168,20.168,20.168,20.241,20.145,20.185,20.258,20.213,20.213,20.157,20.202,20.342,20.303,20.331,20.303,20.174,20.218,20.314,20.286,20.185,20.252,20.207,20.157,20.246,20.28,20.353,20.359,20.28,20.303,20.314,20.336,20.375,20.224,20.297,20.431,20.375,20.342,20.398,20.443,20.409,20.409,20.359,20.314,20.347,20.331,20.431,20.476,20.37,20.331,20.375,20.392,20.353,20.443,20.381,20.297,20.381,20.392,20.28,20.185,20.263,20.359,21.485,23.085,23.89,23.944,24.004,23.825,23.298,22.9,22.839,23.478,24.036,22.982,22.516,22.395,22.021,23.619,24.641,24.931,25.498,25.77,25.156,24.775,25.204,24.501,24.522,24.802,24.431,24.333,24.581,25.498,26.391,25.993,26.078,26.618,26.644,25.823,25.754,26.391,26.634,26.876,26.195,25.562,25.833,25.828,25.38,25.716,26.766,26.454,24.92,25.022,26.507,23.151,22.681,24.506,24.226,23.603,23.478,23.744,23.825,24.813,23.901,22.642,23.184,23.657,23.733,22.801,21.728,21.49,22.872,23.211,21.612,21.435,22.921,23.063,21.179,21.401,22.763,22.741,21.19,21.229,21.568,22.483,23.342,21.717,20.415,20.403,20.532,20.527,20.437,20.426,20.515,20.403,20.482,20.555,20.42,20.387,20.448,20.499,20.471,20.499,20.409,20.398,20.543,20.448,20.431,20.465,20.443,20.459,20.42,20.398,20.443,20.426,20.42,20.443,20.482,20.538,20.605,20.633,20.638,20.644,20.683,20.65,20.56,20.672,20.627,20.515,20.543,20.56,20.543,20.599,20.7,20.532,20.549,20.666,20.65,20.722,20.689,20.633,20.694,20.778,20.722,20.627,20.655,20.655,20.56,20.583,20.745,20.616,20.51,20.588,20.689,20.555,20.543,20.577,20.504,20.431,20.661,20.784,20.571,20.638,20.622,20.51,20.448,20.303,20.387,20.493,20.403,20.392,20.392,20.359,20.342,20.448,20.504,20.538,20.627,20.672,20.504,20.415,20.549,20.459,20.303,20.23
20.005,19.982,20.016,20.033,19.982,19.994,20.061,20.084,19.966,19.932,20.033,20.117,20.056,20.033,20.039,20.022,20.072,20.044,19.96,19.954,19.982,20.044,20.056,20.011,19.999,20.033,20.027,19.988,20.084,20.061,20.027,20.112,20.117,20.044,19.999,20.05,20.011,20.016,20.067,20.089,20.157,20.179,20.123,20.067,20.089,20.19,20.168,20.033,20.056,20.106,20.106,20.089,20.106,20.157,20.168,20.129,20.044,20.129,20.258,20.241,20.224,20.174,20.145,20.157,20.112,20.168,20.23,20.19,20.157,20.241,20.23,20.078,20.179,20.19,20.168,20.235,20.151,20.157,20.185,20.145,20.179,20.185,20.179,20.213,20.252,20.19,20.207,20.359,20.269,20.297,20.331,20.246,20.263,20.291,20.28,20.263,20.303,20.269,20.224,20.241,20.168,20.213,20.28,20.246,20.174,20.286,20.409,20.359,20.308,20.37,20.448,20.42,20.331,20.37,20.426,20.375,20.342,20.403,20.409,20.314,20.308,20.359,20.403,20.431,20.465,20.482,20.415,20.342,20.443,20.375,20.252,20.314,20.409,20.806,21.479,22.082,22.384,23.798,25.011,24.941,25.188,24.117,22.675,22.434,22.752,23.243,23.798,24.258,24.117,23.205,23.058,24.047,24.506,24.759,25.075,25.514,25.636,25.359,25.348,25.817,25.844,26.099,25.305,23.771,24.09,24.829,25.396,25.844,26.85,26.76,26.226,26.475,26.422,26.157,25.956,26.019,26.173,26.168,26.253,26.549,26.692,26.094,25.658,26.078,27.003,25.118,23.874,25.668,25.273,23.803,24.182,26.205,25.78,24.366,23.771,24.328,24.7,23.923,22.85,22.823,23.134,24.296,23.961,22.021,21.412,22.735,23.488,22.225,21.185,22.302,23.613,22.9,21.64,22.082,22.62,21.557,21.385,21.634,22.516,23.287,22.554,21.09,20.297,20.448,20.476,20.443,20.443,20.527,20.471,20.476,20.499,20.459,20.381,20.471,20.538,20.443,20.476,20.465,20.471,20.538,20.431,20.443,20.499,20.454,20.459,20.448,20.437,20.459,20.403,20.443,20.499,20.482,20.465,20.616,20.694,20.594,20.65,20.694,20.683,20.672,20.694,20.722,20.616,20.465,20.588,20.644,20.644,20.711,20.56,20.611,20.728,20.666,20.661,20.694,20.706,20.694,20.767,20.8,20.789,20.806,20.806,20.689,20.627,20.7,20.611,20.644,20.678,20.588,20.588,20.622,20.583,20.476,20.319,20.527,20.733,20.605,20.633,20.65,20.571,20.454,20.342,20.415,20.51,20.448,20.314,20.325,20.398,20.381,20.465,20.476,20.454,20.487,20.482,20.482,20.482,20.465,20.426,20.426,20.443
20.005,20.022,20.016,19.904,19.926,19.988,20.033,20.039,19.943,20.011,20.095,20.033,20.061,20.027,19.977,20.011,20.011,20.072,20.033,19.898,19.96,20.044,20.044,19.999,19.915,20.022,20.112,20.011,20.072,20.061,20.056,20.157,20.202,20.145,20.056,20.022,19.954,20.056,20.123,20.039,20.123,20.157,20.078,20.016,20.033,20.106,20.123,20.078,20.089,20.112,20.14,20.174,20.185,20.174,20.134,20.117,20.078,20.145,20.241,20.252,20.258,20.218,20.157,20.129,20.19,20.157,20.14,20.241,20.168,20.246,20.252,20.067,20.162,20.162,20.179,20.308,20.157,20.174,20.185,20.022,20.145,20.179,20.117,20.129,20.241,20.241,20.235,20.319,20.207,20.224,20.308,20.286,20.303,20.297,20.297,20.325,20.263,20.258,20.275,20.246,20.112,20.117,20.235,20.28,20.179,20.331,20.459,20.331,20.359,20.415,20.426,20.409,20.375,20.364,20.364,20.347,20.308,20.415,20.471,20.37,20.375,20.347,20.364,20.459,20.521,20.476,20.303,20.19,20.28,20.583,20.929,21.162,21.174,22.565,24.258,24.727,24.78,25.407,25.588,24.877,25.15,24.031,22.543,22.582,23.798,24.377,23.717,23.254,24.101,24.474,24.447,24.624,23.499,23.879,25.343,25.69,24.608,25.332,26.565,26.163,26.009,26.126,25.551,24.495,25.156,25.668,25.466,25.402,26.607,26.602,25.738,25.786,26.549,26.549,25.743,25.375,25.583,26.544,27.218,27.04,26.766,26.702,26.491,26.115,27.187,25.972,24.323,25.097,27.187,25.471,23.825,26.019,26.216,25.316,24.748,25.161,25.166,24.317,23.227,22.878,22.757,24.22,24.624,22.889,21.888,22.406,23.483,23.336,21.888,21.313,22.943,24.457,22.779,21.185,21.235,21.712,21.435,21.761,22.527,22.916,23.652,22.236,20.359,20.392,20.375,20.465,20.521,20.51,20.487,20.426,20.415,20.476,20.431,20.521,20.543,20.42,20.476,20.577,20.571,20.504,20.538,20.538,20.476,20.431,20.392,20.448,20.504,20.459,20.375,20.471,20.577,20.51,20.454,20.555,20.65,20.611,20.611,20.655,20.678,20.672,20.672,20.778,20.711,20.493,20.65,20.745,20.694,20.672,20.622,20.661,20.694,20.65,20.594,20.689,20.739,20.644,20.638,20.873,21.129,21.162,21.073,20.912,20.728,20.616,20.678,20.728,20.622,20.493,20.611,20.633,20.543,20.51,20.437,20.549,20.661,20.616,20.672,20.644,20.527,20.454,20.448,20.437,20.42,20.42,20.314,20.387,20.465,20.381,20.437,20.448,20.37,20.308,20.308,20.437,20.493,20.403,20.392,20.499,20.588
19.988,20.005,20.05,20.039,19.949,19.966,19.999,19.937,19.892,19.954,19.999,19.937,19.932,19.977,20.039,20.056,19.949,20.027,20.123,20.05,20.05,19.994,19.937,19.971,20.011,20.084,20.117,20.106,20.095,20.1,20.089,20.056,20.145,20.151,20.056,20.011,19.999,20.056,20.1,20.089,20.112,20.084,20.084,20.162,20.168,20.151,20.179,20.241,20.213,20.117,20.123,20.224,20.1,20.072,20.1,20.05,20.05,20.162,20.246,20.218,20.19,20.23,20.19,20.072,20.162,20.157,20.14,20.224,20.145,20.196,20.258,20.185,20.117,20.123,20.168,20.174,20.129,20.213,20.246,20.134,20.095,20.224,20.241,20.072,20.202,20.275,20.291,20.353,20.23,20.308,20.347,20.179,20.286,20.314,20.286,20.325,20.28,20.235,20.241,20.28,20.269,20.263,20.291,20.342,20.375,20.398,20.392,20.37,20.269,20.359,20.443,20.353,20.381,20.403,20.392,20.387,20.375,20.42,20.471,20.487,20.532,20.487,20.415,20.409,20.347,20.331,20.37,20.448,20.655,21.313,22.225,22.845,22.702,24.355,26.083,25.887,25.354,24.984,24.877,24.657,24.215,24.99,25.209,23.917,23.51,23.222,23.178,23.407,23.69,25.289,25.231,23.069,23.134,24.02,25.578,26.776,25.604,25.658,26.57,26.285,25.129,24.479,25.075,25.871,26.586,26.549,25.908,25.588,25.348,26.115,26.57,25.966,26.237,26.157,25.881,26.025,26.602,26.976,26.839,26.686,26.929,27.307,27.124,26.618,27.213,27.066,26.003,25.498,26.882,26.554,24.49,23.521,24.144,25.38,25.722,25.236,25.562,24.748,23.95,24.209,22.982,22.932,23.858,23.863,22.549,21.595,22.752,24.301,22.992,21.324,21.971,23.765,23.722,22.098,21.001,21.512,21.379,21.982,22.675,22.823,24.339,23.053,20.65,20.499,20.387,20.42,20.454,20.443,20.448,20.465,20.493,20.515,20.476,20.515,20.51,20.42,20.482,20.599,20.605,20.532,20.65,20.594,20.426,20.392,20.364,20.471,20.51,20.403,20.375,20.42,20.493,20.532,20.538,20.499,20.527,20.627,20.56,20.622,20.661,20.56,20.599,20.761,20.773,20.622,20.739,20.745,20.655,20.644,20.627,20.65,20.672,20.661,20.666,20.655,20.616,20.583,20.555,20.918,21.374,21.462,21.296,20.996,20.733,20.605,20.644,20.644,20.594,20.594,20.594,20.527,20.471,20.527,20.683,20.644,20.555,20.666,20.817,20.694,20.521,20.566,20.415,20.392,20.415,20.353,20.493,20.487,20.375,20.37,20.381,20.392,20.387,20.392,20.448,20.415,20.37,20.403,20.403,20.431,20.454
19.954,19.915,19.937,20.061,20.056,20.061,20.022,19.943,19.96,20.039,20.033,19.949,19.999,20.05,20.056,20.056,20.016,20.056,20.106,20.089,20.039,20.056,20.033,19.943,19.994,20.061,20.084,20.089,20.123,20.089,20.061,20.084,19.982,20.072,20.145,20.027,19.999,20.061,20.112,20.095,20.095,20.157,20.224,20.246,20.252,20.286,20.252,20.162,20.213,20.151,20.1,20.19,20.157,20.117,20.106,20.117,20.151,20.235,20.213,20.106,20.134,20.258,20.213,20.033,20.106,20.179,20.207,20.241,20.179,20.213,20.258,20.202,20.174,20.196,20.252,20.263,20.179,20.224,20.297,20.246,20.14,20.151,20.162,20.084,20.168,20.207,20.235,20.314,20.258,20.342,20.336,20.151,20.303,20.314,20.241,20.297,20.202,20.123,20.145,20.207,20.286,20.331,20.308,20.303,20.359,20.37,20.342,20.342,20.291,20.359,20.437,20.415,20.403,20.387,20.409,20.443,20.325,20.353,20.504,20.571,20.616,20.459,20.359,20.448,20.28,19.56,20.605,23.058,23.38,23.418,24.123,25.032,24.667,24.554,25.695,26.897,26.221,24.888,24.128,24.226,24.624,26.163,26.565,25.113,23.847,23.352,23.755,24.15,25.124,25.418,24.522,23.722,24.047,24.813,25.359,25.386,24.377,25.006,26.035,25.658,26.067,25.482,25.391,26.634,27.092,26.702,26.115,26.11,25.95,26.755,26.623,25.134,25.273,26.025,26.745,27.003,26.57,26.845,27.192,26.781,26.539,26.787,26.808,26.311,26.343,27.202,26.945,25.492,26.359,26.803,25.817,24.786,24.791,25.62,25.849,25.252,26.067,25.711,24.834,24.904,24.71,23.57,23.728,25.284,24.333,21.966,21.899,24.171,24.839,22.796,21.424,22.932,23.787,22.571,21.09,21.479,21.723,22.236,22.664,22.812,23.167,23.009,21.695,20.291,20.314,20.454,20.42,20.443,20.493,20.515,20.459,20.415,20.448,20.555,20.555,20.454,20.487,20.532,20.549,20.566,20.543,20.599,20.538,20.359,20.443,20.454,20.409,20.437,20.42,20.398,20.42,20.459,20.415,20.487,20.555,20.504,20.482,20.616,20.717,20.655,20.661,20.644,20.616,20.633,20.739,20.689,20.599,20.65,20.577,20.638,20.75,20.728,20.588,20.65,20.745,20.694,20.873,20.89,21.09,21.507,21.174,20.984,20.851,20.549,20.638,20.711,20.638,20.56,20.51,20.515,20.599,20.683,20.571,20.532,20.638,20.761,20.867,20.761,20.577,20.555,20.471,20.42,20.415,20.409,20.353,20.392,20.409,20.331,20.275,20.415,20.482,20.347,20.487,20.426,20.319,20.426,20.499,20.387,20.258
20.011,19.994,19.999,20.039,20.044,20.05,20.027,19.988,19.994,20.033,20.061,20.056,20.027,19.988,20.011,20.078,20.067,20.067,20.089,20.112,20.067,20.056,20.05,20.027,20.039,20.106,20.123,20.072,20.14,20.117,20.078,20.123,20.039,20.022,20.067,20.084,20.162,20.145,20.067,20.056,20.078,20.168,20.235,20.224,20.174,20.19,20.19,20.123,20.179,20.174,20.157,20.19,20.117,20.168,20.218,20.145,20.134,20.218,20.269,20.207,20.185,20.19,20.196,20.162,20.112,20.134,20.202,20.218,20.179,20.235,20.263,20.196,20.263,20.258,20.23,20.286,20.258,20.218,20.19,20.168,20.174,20.185,20.179,20.168,20.168,20.202,20.224,20.23,20.28,20.269,20.246,20.297,20.314,20.359,20.359,20.297,20.213,20.202,20.258,20.297,20.28,20.347,20.409,20.392,20.381,20.353,20.342,20.359,20.331,20.426,20.482,20.398,20.347,20.364,20.437,20.487,20.375,20.415,20.521,20.499,20.51,20.381,20.145,20.089,20.246,21.977,23.548,23.684,24.748,24.517,23.923,24.479,25.14,25.263,25.54,26.274,25.876,24.35,24.085,25.471,25.626,25.332,25.231,25.45,25.14,25.107,25,24.495,24.009,24.382,25.273,25.684,25.993,26.104,25.396,24.457,24.619,25.386,26.014,26.12,25.95,26.035,26.48,26.839,27.04,26.628,26.173,26.285,26.369,26.966,26.997,26.157,25.434,26.046,27.271,27.486,26.702,26.776,27.244,26.966,26.787,26.803,26.76,26.528,26.279,27.066,27.071,25.738,25.807,26.66,26.787,25.881,25.145,25.7,26.062,25.182,25.38,25.252,24.328,23.597,24.662,23.831,23.276,24.984,26.009,23.787,21.612,22.91,25.476,24.317,21.507,21.794,23.575,23.091,21.329,21.313,21.617,21.783,22.07,22.5,21.485,23.173,23.57,20.532,20.303,20.431,20.471,20.521,20.454,20.504,20.538,20.431,20.42,20.465,20.504,20.504,20.527,20.504,20.493,20.532,20.476,20.566,20.588,20.431,20.454,20.471,20.437,20.42,20.437,20.426,20.415,20.448,20.426,20.493,20.527,20.476,20.616,20.722,20.711,20.678,20.622,20.644,20.694,20.689,20.7,20.694,20.666,20.644,20.571,20.7,20.806,20.711,20.672,20.728,20.761,20.739,20.94,20.951,21.001,21.257,21.151,21.09,20.906,20.605,20.672,20.678,20.605,20.594,20.527,20.571,20.689,20.717,20.599,20.627,20.689,20.644,20.867,20.895,20.722,20.655,20.611,20.588,20.527,20.426,20.325,20.415,20.482,20.37,20.308,20.409,20.448,20.319,20.37,20.387,20.409,20.482,20.499,20.364,20.246
20.056,20.084,20.089,20.011,19.994,20.011,20.016,20.005,19.999,20.022,20.061,20.089,20.027,19.966,20.011,20.106,20.084,20.056,20.061,20.084,20.067,20.027,20.05,20.134,20.129,20.185,20.185,20.089,20.112,20.112,20.089,20.106,20.157,20.084,20.033,20.129,20.224,20.179,20.072,20.072,20.1,20.145,20.157,20.134,20.078,20.084,20.134,20.157,20.151,20.134,20.157,20.196,20.089,20.168,20.258,20.162,20.084,20.129,20.258,20.314,20.252,20.207,20.224,20.252,20.19,20.14,20.151,20.185,20.112,20.174,20.258,20.218,20.28,20.235,20.174,20.218,20.263,20.224,20.123,20.1,20.185,20.241,20.23,20.23,20.174,20.213,20.263,20.218,20.241,20.202,20.23,20.347,20.286,20.342,20.392,20.319,20.347,20.364,20.359,20.353,20.263,20.336,20.437,20.398,20.37,20.359,20.364,20.375,20.381,20.454,20.471,20.409,20.381,20.403,20.443,20.448,20.482,20.521,20.459,20.364,20.28,20.7,21.551,22.23,22.62,24.662,25.231,23.478,24.377,24.716,24.231,24.306,25.503,26.189,25.476,24.673,25.423,25.027,25.006,26.353,26.041,24.888,24.743,25.77,25.903,25.716,25.386,25.011,23.722,24.533,26.338,26.539,25.988,25.855,25.908,25.674,26.465,26.565,26.375,26.634,25.54,26.057,27.139,26.892,27.097,26.76,26.311,26.417,26.618,26.987,27.344,27.412,26.549,26.443,27.008,27.082,26.824,26.681,26.855,27.061,27.208,26.945,26.702,26.855,26.829,27.139,27.045,26.285,25.247,25.972,26.924,26.179,24.818,25.316,26.322,25.658,24.533,24.479,24.042,22.538,23.505,23.532,22.982,23.624,26.009,25.257,22.34,21.761,23.858,24.409,22.532,21.368,22.905,23.309,22.015,21.251,21.479,21.407,21.551,22.137,21.04,22.675,23.847,21.855,20.739,20.325,20.532,20.566,20.437,20.471,20.577,20.538,20.454,20.409,20.454,20.527,20.555,20.521,20.493,20.51,20.482,20.493,20.504,20.482,20.415,20.499,20.538,20.409,20.443,20.459,20.448,20.471,20.482,20.482,20.459,20.465,20.638,20.706,20.633,20.611,20.599,20.717,20.8,20.745,20.644,20.739,20.823,20.717,20.678,20.756,20.778,20.683,20.756,20.717,20.655,20.728,20.795,20.873,20.934,21.001,21.174,21.112,20.851,20.711,20.689,20.633,20.594,20.633,20.622,20.655,20.666,20.633,20.678,20.694,20.599,20.549,20.879,21.023,20.862,20.733,20.7,20.672,20.566,20.431,20.42,20.487,20.493,20.415,20.398,20.381,20.364,20.364,20.297,20.37,20.487,20.476,20.437,20.403,20.398
20.027,20.022,20.011,20.005,20.044,20.061,20.016,19.994,20.05,20.095,20.056,20.022,20.078,20.117,20.112,20.106,20.095,20.067,20.033,20.016,19.994,20.067,20.145,20.14,20.157,20.196,20.185,20.112,20.072,20.05,20.056,20.078,20.1,20.174,20.19,20.129,20.078,20.089,20.129,20.145,20.151,20.196,20.185,20.112,20.112,20.196,20.224,20.162,20.157,20.072,20.061,20.179,20.168,20.157,20.185,20.218,20.14,20.095,20.145,20.218,20.241,20.342,20.319,20.168,20.263,20.235,20.157,20.179,20.056,20.117,20.252,20.252,20.213,20.213,20.224,20.202,20.213,20.252,20.258,20.224,20.207,20.196,20.202,20.224,20.174,20.185,20.263,20.291,20.19,20.258,20.314,20.207,20.246,20.258,20.258,20.319,20.431,20.387,20.246,20.224,20.241,20.359,20.364,20.241,20.28,20.347,20.359,20.353,20.443,20.409,20.392,20.515,20.527,20.487,20.415,20.398,20.527,20.51,20.443,20.555,20.571,21.833,24.134,25.679,25.801,24.511,23.928,24.818,24.511,25.38,26.623,26.787,26.908,26.322,25.038,24.333,26.046,26.734,25.849,25.396,25.663,26.449,27.003,26.829,25.663,24.587,25.027,26.152,26.502,26.274,25.924,25.722,24.063,24.447,26.401,27.171,27.465,27.029,26.322,26.099,26.242,26.544,26.887,27.192,27.496,27.113,26.713,26.976,27.197,27.428,27.271,26.908,26.982,26.903,26.702,26.65,26.702,26.496,26.486,26.85,26.982,26.602,26.375,26.723,26.866,27.271,27.412,26.86,24.931,25.198,26.781,26.66,24.915,24.855,26.274,26.48,24.893,24.974,25.15,23.619,23.565,23.499,23.238,23.342,25.07,25.247,23.216,21.728,22.065,23.76,23.738,21.839,22.109,23.271,23.009,21.451,21.8,21.772,21.667,22.065,21.634,21.435,22.373,23.271,21.418,20.286,20.527,20.538,20.521,20.471,20.482,20.566,20.527,20.499,20.504,20.515,20.515,20.504,20.521,20.56,20.493,20.443,20.443,20.443,20.437,20.504,20.527,20.465,20.482,20.465,20.437,20.448,20.443,20.471,20.443,20.381,20.42,20.527,20.588,20.588,20.689,20.683,20.666,20.733,20.622,20.745,20.901,20.834,20.784,20.75,20.745,20.722,20.661,20.594,20.65,20.778,20.8,20.638,20.655,20.94,21.018,20.945,20.8,20.733,20.672,20.689,20.678,20.605,20.666,20.689,20.65,20.627,20.605,20.532,20.538,20.672,20.901,21.051,20.906,20.683,20.689,20.588,20.471,20.493,20.431,20.437,20.448,20.398,20.381,20.387,20.415,20.437,20.392,20.415,20.448,20.431,20.42,20.426,20.437
19.999,20.016,20.005,20.027,19.988,19.937,19.937,19.982,20.011,20.067,20.084,20.061,20.033,20.084,20.129,20.1,20.056,20.084,20.016,19.859,19.977,20.129,20.14,20.067,20.022,20.112,20.179,20.106,20.067,20.095,20.095,20.044,20.1,20.112,20.095,20.112,20.089,20.016,19.994,20.061,20.112,20.207,20.218,20.151,20.106,20.19,20.224,20.117,20.106,19.994,19.966,20.123,20.168,20.157,20.162,20.213,20.089,20.145,20.258,20.207,20.207,20.246,20.235,20.168,20.157,20.174,20.168,20.145,20.14,20.235,20.275,20.207,20.213,20.241,20.23,20.19,20.202,20.23,20.263,20.286,20.207,20.145,20.157,20.19,20.19,20.196,20.241,20.297,20.224,20.319,20.381,20.252,20.246,20.325,20.336,20.275,20.347,20.37,20.28,20.207,20.174,20.353,20.459,20.331,20.291,20.336,20.387,20.375,20.431,20.403,20.381,20.448,20.515,20.431,20.353,20.431,20.56,20.044,20.061,21.274,22.828,25.796,26.343,24.134,23.852,25.006,25.62,24.898,25.177,25.679,26.338,26.792,25.78,25.37,26.062,26.57,26.364,26.766,26.348,24.915,25.311,26.046,26.781,27.307,26.729,26.332,26.692,27.134,27.25,26.48,25.658,25.45,23.868,24.893,26.681,26.443,27.276,26.734,25.865,26.29,26.813,26.876,26.734,26.95,27.113,27.47,27.669,27.611,27.826,27.789,27.223,26.623,26.391,26.66,26.813,26.591,27.071,26.866,25.786,25.182,26.343,27.181,27.16,27.103,26.929,26.189,26.671,28.029,26.237,24.823,25.828,27.192,26.035,24.796,25.444,26.734,25.881,25.15,24.931,24.479,23.314,23.113,23.499,23.44,24.382,25.011,23.798,21.96,21.457,23.863,25.075,23.031,21.927,23.722,24.253,21.568,21.756,21.883,21.723,21.85,21.927,21.14,21.667,23.396,21.623,20.398,20.527,20.487,20.454,20.392,20.454,20.594,20.521,20.482,20.482,20.443,20.387,20.437,20.538,20.566,20.51,20.471,20.465,20.459,20.443,20.431,20.459,20.51,20.437,20.415,20.431,20.415,20.459,20.493,20.426,20.347,20.42,20.555,20.577,20.504,20.588,20.566,20.56,20.672,20.611,20.666,20.789,20.8,20.672,20.706,20.761,20.655,20.543,20.616,20.75,20.733,20.644,20.633,20.655,20.65,20.773,20.817,20.728,20.678,20.706,20.616,20.555,20.655,20.683,20.672,20.638,20.627,20.543,20.56,20.594,20.571,20.728,20.973,20.923,20.65,20.678,20.599,20.482,20.482,20.364,20.336,20.37,20.347,20.314,20.42,20.487,20.392,20.286,20.381,20.521,20.487,20.392,20.303,20.28
20.044,20.067,20.033,20.016,19.915,19.949,20.067,20.095,20.033,19.96,19.977,20.05,20.112,20.129,20.106,20.089,20.016,20.056,20.022,19.881,20.016,20.095,20.033,19.994,20.067,20.078,20.095,20.185,20.123,20.095,20.089,20.056,20.084,20.084,20.056,20.061,20.1,20.056,20.027,20.106,20.162,20.23,20.218,20.151,20.145,20.151,20.145,20.134,20.095,20.072,20.106,20.162,20.151,20.162,20.174,20.151,20.123,20.224,20.275,20.185,20.19,20.224,20.23,20.207,20.185,20.196,20.19,20.151,20.241,20.263,20.196,20.174,20.235,20.291,20.258,20.185,20.179,20.241,20.263,20.224,20.213,20.19,20.213,20.263,20.224,20.202,20.213,20.235,20.263,20.319,20.342,20.319,20.331,20.398,20.37,20.252,20.275,20.347,20.364,20.331,20.297,20.347,20.392,20.375,20.42,20.398,20.392,20.471,20.387,20.437,20.487,20.398,20.359,20.392,20.415,20.37,19.971,21.162,23.369,24.721,26.348,25.988,24.425,24.063,24.139,24.705,25.519,26.035,25.706,25.759,26.549,27.139,26.586,26.417,26.871,27.082,26.65,26.718,26.602,25.812,25.322,26.083,27.428,27.894,27.601,27.706,27.883,27.46,26.523,26.316,26.115,25.215,24.796,26.003,26.86,26.205,27.029,26.713,26.078,26.581,27.134,27.155,26.845,26.824,26.597,26.824,27.517,27.888,27.045,27.16,27.281,26.401,26.475,26.771,26.665,26.364,27.082,26.771,25.706,25.524,26.528,26.982,26.95,27.25,27.15,26.353,26.554,27.857,27.988,25.934,25.236,27.187,27.076,25.918,25.706,26.686,26.253,25.428,25.375,25.743,24.198,23.798,24.274,23.993,23.923,24.904,24.936,23.32,21.706,23.603,25.503,23.955,21.916,22.982,24.269,22.702,22.263,21.922,22.032,22.39,22.032,21.09,21.629,23.276,22.598,21.096,20.375,20.611,20.476,20.443,20.515,20.515,20.431,20.392,20.431,20.465,20.443,20.499,20.527,20.482,20.543,20.538,20.465,20.448,20.504,20.504,20.448,20.437,20.392,20.493,20.527,20.409,20.42,20.493,20.487,20.403,20.347,20.431,20.571,20.622,20.599,20.655,20.689,20.633,20.611,20.65,20.711,20.711,20.633,20.638,20.661,20.622,20.605,20.689,20.756,20.728,20.739,20.789,20.722,20.566,20.633,20.717,20.711,20.672,20.611,20.655,20.672,20.583,20.588,20.588,20.627,20.694,20.655,20.65,20.65,20.616,20.538,20.711,20.867,20.778,20.722,20.555,20.448,20.465,20.336,20.297,20.37,20.409,20.347,20.381,20.409,20.347,20.364,20.415,20.454,20.459,20.398,20.314,20.28
20.067,20.095,20.078,20.005,19.926,20.027,20.162,20.14,20.084,19.954,19.937,20.061,20.14,20.151,20.123,20.117,20.072,20.044,20.056,20.072,20.078,20.072,20.027,19.994,20.106,20.134,20.106,20.157,20.179,20.117,20.061,20.089,20.067,20.129,20.134,20.044,20.061,20.112,20.14,20.14,20.168,20.218,20.202,20.14,20.235,20.174,20.1,20.196,20.174,20.213,20.252,20.23,20.157,20.179,20.185,20.123,20.179,20.263,20.269,20.23,20.252,20.263,20.252,20.252,20.275,20.252,20.213,20.218,20.28,20.28,20.202,20.162,20.23,20.297,20.275,20.23,20.213,20.291,20.28,20.151,20.258,20.297,20.275,20.314,20.258,20.213,20.213,20.23,20.297,20.336,20.314,20.308,20.375,20.381,20.308,20.286,20.342,20.37,20.37,20.398,20.431,20.387,20.336,20.375,20.471,20.443,20.443,20.555,20.431,20.504,20.56,20.415,20.448,20.761,21.135,21.401,21.568,24.269,26.903,26.834,26.014,23.45,23.129,25.588,25.652,25,25.711,27.355,26.554,26.343,27.097,27.507,27.726,27.486,26.966,26.739,26.95,27.045,27.04,27.018,25.924,26.507,27.706,27.517,27.265,27.454,27.166,26.099,25.343,25.407,25.604,25.279,25.62,26.216,26.56,26.602,26.723,26.934,26.897,26.697,27.024,27.276,27.108,26.824,26.734,26.539,26.94,27.611,26.391,26.597,27.355,26.887,27.171,26.871,26.348,26.459,27.181,26.887,26.634,27.412,27.365,26.95,26.897,27.302,27.355,27.507,27.433,27.255,28.56,27.339,25.588,26.295,27.134,26.966,26.316,26.343,26.03,25.711,25.977,26.353,25.113,24.285,24.576,24.813,23.744,24.511,25.716,24.974,22.686,22.505,24.134,24.328,22.313,21.844,23.445,24.209,23.014,21.695,22.137,23.227,22.12,21.129,22.142,23.836,24.204,22.098,20.207,20.683,20.543,20.532,20.566,20.493,20.454,20.454,20.459,20.465,20.532,20.566,20.499,20.443,20.549,20.549,20.465,20.471,20.487,20.566,20.521,20.381,20.42,20.538,20.532,20.409,20.42,20.431,20.443,20.471,20.336,20.342,20.532,20.683,20.655,20.739,20.784,20.683,20.655,20.717,20.745,20.683,20.7,20.694,20.666,20.661,20.7,20.75,20.756,20.75,20.806,20.773,20.689,20.678,20.655,20.672,20.717,20.717,20.566,20.706,20.795,20.577,20.577,20.611,20.65,20.694,20.7,20.65,20.622,20.655,20.532,20.543,20.706,20.784,20.661,20.538,20.532,20.555,20.487,20.415,20.387,20.392,20.375,20.364,20.359,20.381,20.459,20.443,20.392,20.42,20.381,20.375,20.392
20.016,20.072,20.095,20.027,19.977,20.011,20.05,20.027,20.072,20.061,20.078,20.151,19.999,20.05,20.185,20.162,20.157,20.095,20.095,20.179,20.1,20.129,20.145,20.039,19.977,20.179,20.235,20.011,20.174,20.185,20.067,20.078,20.061,20.162,20.207,20.1,20.039,20.084,20.1,20.039,20.067,20.168,20.207,20.174,20.275,20.235,20.157,20.207,20.241,20.224,20.207,20.23,20.196,20.179,20.174,20.162,20.168,20.275,20.353,20.325,20.319,20.235,20.196,20.263,20.246,20.207,20.224,20.28,20.286,20.375,20.342,20.162,20.19,20.252,20.286,20.303,20.28,20.314,20.291,20.196,20.314,20.319,20.235,20.246,20.275,20.252,20.241,20.314,20.347,20.426,20.392,20.275,20.325,20.325,20.286,20.319,20.448,20.42,20.308,20.336,20.392,20.465,20.465,20.426,20.375,20.42,20.51,20.549,20.538,20.549,20.549,20.633,21.218,21.883,22.565,23.445,25.006,26.639,26.692,25.386,22.538,23.478,26.147,26.035,25.263,26.443,27.909,27.543,27.664,27.244,26.95,27.223,26.945,26.639,26.992,27.611,27.134,27.271,27.58,27.192,26.613,26.47,26.586,26.459,26.581,26.781,25.934,24.571,25.209,24.452,24.047,25.45,25.471,25.508,26.009,26.523,26.253,26.829,27.271,26.745,26.845,27.234,27.181,26.766,27.265,27.402,27.213,27.276,27.118,27.045,27.323,27.622,27.244,26.459,26.343,26.997,27.653,27.611,27.549,28.061,27.732,27.815,27.941,27.585,27.391,27.831,28.102,27.753,28.159,27.617,26.179,25.482,26.697,26.934,26.157,26.003,26.057,25.833,25.865,26.163,25.113,23.744,24.139,25.444,23.879,23.928,25.455,25.572,23.543,21.606,22.642,24.651,23.02,21.833,23.227,24.834,23.407,21.468,21.883,23.516,22.522,21.29,22.357,24.533,25.15,22.763,20.297,20.566,20.521,20.521,20.543,20.588,20.605,20.638,20.538,20.375,20.459,20.521,20.51,20.515,20.532,20.493,20.487,20.543,20.392,20.482,20.577,20.448,20.476,20.465,20.398,20.387,20.499,20.381,20.303,20.476,20.454,20.448,20.482,20.515,20.599,20.622,20.655,20.745,20.722,20.773,20.795,20.739,20.733,20.823,20.834,20.711,20.672,20.8,20.856,20.722,20.644,20.555,20.577,20.689,20.683,20.661,20.689,20.733,20.678,20.638,20.678,20.733,20.706,20.717,20.689,20.594,20.543,20.571,20.577,20.521,20.583,20.588,20.566,20.588,20.504,20.594,20.717,20.689,20.683,20.56,20.359,20.258,20.319,20.426,20.471,20.454,20.403,20.403,20.448,20.465,20.347,20.342,20.403
20.089,20.072,20.027,20.039,19.937,19.971,20.05,20.016,20.061,19.977,20.022,20.224,19.937,19.937,20.112,20.067,20.089,20.05,20.039,20.106,20.1,20.067,20.056,20.072,20.044,20.106,20.14,20.078,20.129,20.106,20.033,20.027,19.977,20.061,20.151,20.112,20.005,20.095,20.174,20.072,20.1,20.112,20.084,20.089,20.1,20.168,20.213,20.179,20.157,20.174,20.179,20.14,20.1,20.106,20.145,20.168,20.129,20.235,20.325,20.263,20.246,20.207,20.213,20.263,20.218,20.084,20.1,20.28,20.275,20.252,20.252,20.258,20.151,20.196,20.303,20.297,20.258,20.252,20.258,20.241,20.241,20.213,20.174,20.185,20.275,20.286,20.252,20.303,20.387,20.42,20.403,20.387,20.269,20.28,20.342,20.308,20.342,20.409,20.403,20.331,20.286,20.381,20.471,20.431,20.375,20.347,20.364,20.392,20.398,20.303,20.555,21.435,23.608,25.3,25.892,26.332,27.092,26.269,24.188,23.025,22.653,25.386,27.779,27.197,26.797,27.171,27.747,27.669,27.679,27.087,26.908,27.491,27.255,27.318,27.176,26.565,26.496,26.406,26.871,27.664,27.496,26.369,26.067,26.971,26.887,25.828,25.3,25.929,26.279,25.684,24.834,24.759,24.753,25.129,25.764,26.216,26.295,26.412,26.734,27.003,26.644,26.692,27.034,27.118,27.376,27.622,27.339,26.829,27.092,27.36,27.381,27.181,25.918,25.764,26.75,27.234,27.344,27.737,28.092,28.014,27.711,27.627,27.774,27.763,27.255,27.47,28.055,28.113,28.102,28.159,27.208,25.748,26.173,27.124,26.803,25.61,25.833,25.871,25.966,26.359,25.982,24.134,24.069,26.216,25.924,24.592,24.155,24.786,24.031,22.467,22.905,24.898,24.112,22.522,22.998,24.807,23.966,21.656,21.662,23.906,23.57,21.916,21.684,23.314,24.662,23.156,20.706,20.499,20.493,20.549,20.527,20.527,20.583,20.577,20.476,20.403,20.353,20.549,20.622,20.42,20.482,20.487,20.437,20.454,20.431,20.493,20.504,20.42,20.398,20.403,20.398,20.375,20.426,20.359,20.347,20.471,20.409,20.443,20.487,20.443,20.487,20.622,20.678,20.627,20.627,20.784,20.879,20.8,20.834,20.795,20.733,20.761,20.817,20.834,20.733,20.627,20.706,20.644,20.555,20.622,20.638,20.661,20.689,20.706,20.633,20.605,20.666,20.722,20.627,20.599,20.611,20.566,20.549,20.605,20.611,20.51,20.342,20.37,20.543,20.611,20.605,20.549,20.527,20.549,20.504,20.415,20.359,20.364,20.347,20.37,20.409,20.431,20.51,20.359,20.286,20.471,20.454,20.426,20.42
20.072,20.089,20.056,20.027,19.904,19.921,20.011,20.011,20.056,20.022,20.044,20.145,20.016,19.977,20.056,20.084,20.084,20.022,20.033,20.134,20.151,20.005,19.994,20.196,20.14,20.061,20.095,20.174,20.095,20.123,20.129,20.005,19.96,20.072,20.19,20.162,20.05,20.1,20.19,20.145,20.179,20.218,20.202,20.157,20.027,20.129,20.263,20.19,20.151,20.218,20.179,20.022,20.23,20.213,20.1,20.213,20.269,20.246,20.19,20.207,20.263,20.241,20.213,20.246,20.134,20.1,20.202,20.275,20.207,20.218,20.252,20.207,20.123,20.202,20.303,20.258,20.286,20.286,20.263,20.258,20.224,20.218,20.213,20.196,20.263,20.275,20.263,20.319,20.325,20.381,20.403,20.359,20.303,20.331,20.375,20.347,20.336,20.314,20.359,20.437,20.314,20.381,20.499,20.448,20.465,20.471,20.353,20.241,20.398,20.515,21.828,24.128,26.56,28.008,27.087,25.482,24.963,23.944,23.608,24.576,25.738,27.444,28.066,27.444,27.118,27.113,27.218,27.139,27.197,27.061,26.787,26.713,27.15,27.118,26.465,26.073,26.528,26.787,27.003,27.47,27.517,27.171,26.755,26.676,27.187,26.797,26.216,26.517,26.929,26.581,25.359,24.554,25.204,26.035,25.993,25.594,26.195,26.195,26.417,27.323,26.829,26.359,26.502,26.755,26.486,26.507,26.66,26.681,27.522,27.412,26.897,27.092,26.681,26.702,27.213,27.517,27.465,27.139,27.255,27.826,28.014,27.528,27.355,27.888,27.585,27.454,27.862,28.269,28.123,27.664,27.118,26.729,26.221,27.166,27.496,26.099,25.738,25,25.091,26.263,27.229,26.168,24.344,24.22,25.53,24.834,23.57,24.193,24.818,23.717,22.757,23.581,23.825,22.719,22.192,23.434,25.257,23.369,21.446,23.331,24.995,23.08,20.89,22.285,24.063,24.285,22.137,20.235,20.314,20.605,20.571,20.493,20.51,20.471,20.454,20.532,20.605,20.611,20.51,20.426,20.487,20.443,20.415,20.51,20.504,20.493,20.454,20.398,20.359,20.403,20.431,20.398,20.437,20.415,20.375,20.398,20.471,20.476,20.459,20.499,20.465,20.611,20.728,20.644,20.605,20.778,20.912,20.817,20.778,20.773,20.756,20.717,20.806,20.778,20.689,20.706,20.75,20.666,20.588,20.65,20.661,20.683,20.678,20.638,20.605,20.627,20.65,20.616,20.549,20.571,20.627,20.611,20.616,20.661,20.616,20.493,20.465,20.521,20.594,20.633,20.756,20.773,20.622,20.482,20.487,20.482,20.448,20.437,20.42,20.398,20.342,20.303,20.42,20.398,20.325,20.381,20.336,20.364,20.409
20.027,20.084,20.089,19.999,19.943,19.954,20.016,20.044,20.05,20.1,20.095,20.016,20.05,20.056,20.072,20.134,20.084,20.056,20.1,20.151,20.123,20.033,20.067,20.218,20.14,20.106,20.134,20.129,20.067,20.162,20.19,20.044,20.016,20.129,20.19,20.123,20.089,20.112,20.134,20.129,20.168,20.28,20.303,20.218,20.179,20.23,20.258,20.207,20.207,20.246,20.207,20.129,20.347,20.258,20.1,20.235,20.303,20.275,20.196,20.179,20.28,20.263,20.202,20.241,20.157,20.252,20.331,20.224,20.179,20.28,20.291,20.145,20.207,20.28,20.269,20.235,20.303,20.347,20.291,20.224,20.286,20.303,20.269,20.269,20.23,20.252,20.314,20.336,20.28,20.336,20.387,20.325,20.359,20.398,20.392,20.375,20.392,20.308,20.314,20.459,20.37,20.415,20.482,20.426,20.403,20.588,21.196,21.949,22.872,22.549,23.483,26.232,27.223,26.729,24.882,23.456,23.352,24.042,25.716,27.355,27.716,27.129,26.676,26.913,26.48,26.75,27.108,26.818,27.055,27.181,26.692,26.12,26.734,26.189,25.732,26.681,27.265,27.391,27.244,27.328,27.439,27.862,27.575,26.692,27.16,27.517,27.008,26.332,26.528,26.348,25.844,25.775,26.549,26.787,25.977,25.311,25.913,26.104,26.274,26.929,26.745,26.433,26.359,26.38,26.03,25.69,25.934,26.549,27.25,26.955,26.348,26.623,27.444,27.789,27.491,27.344,27.58,27.018,26.66,27.323,27.977,27.774,27.376,27.674,27.779,27.617,27.732,28.159,27.909,27.066,26.892,27.48,26.734,26.908,27.554,27.271,26.248,24.974,24.839,25.722,27.055,27.658,25.594,22.954,24.107,24.877,24.619,24.721,25.332,24.759,23.32,22.763,23.57,23.456,22.225,21.933,25.07,24.694,21.894,21.877,24.694,23.803,21.179,21.888,24.058,25.855,24.166,20.934,20.392,20.487,20.583,20.538,20.51,20.476,20.499,20.583,20.733,20.577,20.403,20.521,20.527,20.471,20.482,20.566,20.493,20.448,20.454,20.448,20.392,20.426,20.454,20.409,20.465,20.443,20.375,20.392,20.521,20.476,20.409,20.515,20.448,20.56,20.722,20.717,20.661,20.728,20.817,20.784,20.7,20.778,20.817,20.678,20.666,20.683,20.756,20.823,20.678,20.638,20.689,20.666,20.689,20.644,20.588,20.588,20.594,20.611,20.622,20.627,20.56,20.571,20.638,20.655,20.661,20.644,20.588,20.555,20.706,20.722,20.616,20.622,20.711,20.979,20.951,20.599,20.622,20.65,20.527,20.381,20.403,20.431,20.37,20.297,20.314,20.431,20.443,20.314,20.286,20.336,20.381
20.061,20.056,20.027,19.994,20.011,20.044,20.078,20.095,20.033,20.05,20.078,20.022,19.96,20.022,20.112,20.095,20.022,20.1,20.157,20.05,20.011,20.106,20.168,20.095,20.089,20.174,20.157,20.016,20.061,20.129,20.129,20.1,20.05,20.089,20.095,20.011,20.067,20.129,20.112,20.072,20.1,20.174,20.174,20.134,20.319,20.342,20.218,20.202,20.224,20.19,20.224,20.347,20.218,20.123,20.151,20.185,20.1,20.263,20.353,20.162,20.213,20.246,20.241,20.263,20.28,20.314,20.263,20.168,20.241,20.28,20.246,20.241,20.353,20.319,20.224,20.258,20.269,20.336,20.308,20.202,20.308,20.308,20.263,20.319,20.235,20.303,20.381,20.325,20.347,20.342,20.364,20.437,20.353,20.398,20.437,20.336,20.359,20.42,20.403,20.336,20.325,20.37,20.443,20.515,20.443,21.001,22.757,24.651,26.311,25.065,24.177,26.025,25.892,23.912,22.976,24.436,25.865,26.924,27.124,27.034,26.75,25.62,25.535,26.781,26.586,26.787,27.176,27.129,27.307,27.076,26.723,26.702,26.686,25.977,26.014,27.176,27.669,26.887,26.576,27.638,27.935,27.501,27.286,27.669,27.066,26.369,26.364,26.655,26.035,26.062,26.76,27.076,27.092,26.274,25.492,25.562,25.791,25.918,25.988,26.157,26.173,26.454,26.745,26.739,26.644,26.21,26.009,26.242,26.083,26.422,26.274,25.471,25.977,27.281,27.57,26.745,27.024,27.622,27.386,26.644,27.286,27.914,27.726,27.286,27.423,27.433,27.638,28.055,27.564,27.412,27.648,27.585,26.976,26.57,27.155,27.878,26.976,26.338,25.892,25.247,25.642,27.166,26.976,24.92,24.71,25.311,25.716,25.503,25.354,25.599,25.081,23.89,24.571,25.006,23.527,21.739,23.205,24.371,22.905,20.984,22.9,23.624,22.153,21.496,23.982,26.375,25.375,22.587,20.901,20.28,20.532,20.566,20.577,20.571,20.538,20.499,20.471,20.493,20.543,20.56,20.538,20.566,20.56,20.487,20.426,20.398,20.454,20.51,20.409,20.431,20.471,20.398,20.426,20.403,20.409,20.482,20.459,20.403,20.381,20.409,20.392,20.521,20.666,20.678,20.694,20.694,20.745,20.828,20.839,20.812,20.767,20.728,20.622,20.661,20.778,20.789,20.605,20.7,20.778,20.583,20.638,20.577,20.51,20.599,20.566,20.515,20.611,20.773,20.611,20.482,20.549,20.661,20.638,20.583,20.611,20.694,20.638,20.588,20.594,20.611,20.538,20.89,21.062,20.717,20.661,20.638,20.499,20.319,20.308,20.359,20.415,20.448,20.415,20.403,20.387,20.359,20.504,20.482,20.37
20.134,20.05,19.943,20.039,20.027,19.937,19.96,20.095,19.988,19.977,20.078,20.117,20.033,20.095,20.185,20.14,20.106,20.112,20.1,20.056,20.095,20.151,20.117,20.056,20.129,20.185,20.129,20.061,20.078,20.123,20.157,20.145,20.033,20.067,20.106,20.011,20.016,20.005,20.039,20.134,20.19,20.174,20.129,20.14,20.174,20.174,20.174,20.218,20.263,20.235,20.196,20.224,20.168,20.235,20.224,20.067,20.129,20.28,20.308,20.23,20.303,20.387,20.336,20.224,20.19,20.213,20.258,20.28,20.286,20.291,20.286,20.28,20.286,20.213,20.179,20.252,20.258,20.246,20.241,20.258,20.258,20.325,20.353,20.308,20.336,20.314,20.28,20.308,20.375,20.347,20.308,20.353,20.342,20.398,20.375,20.269,20.342,20.409,20.308,20.151,20.19,20.246,20.353,20.711,21.59,24.08,25.77,25.567,26.412,26.019,25.006,24.839,24.463,23.619,23.706,25.016,26.607,27.528,27.334,26.992,26.512,26.253,26.412,26.597,26.486,26.523,26.628,26.597,26.628,26.792,26.818,26.681,26.892,26.692,26.755,27.449,28.097,27.292,26.115,26.253,27.103,26.961,26.306,26.47,26.908,26.739,26.083,25.807,25.743,26.316,26.723,26.491,26.623,26.269,25.918,26.083,25.961,26.21,26.613,26.655,26.242,26.147,26.57,26.813,26.179,25.684,26.041,26.539,25.961,25.913,25.855,25.193,25.059,26.465,27.166,26.104,25.913,26.887,27.276,26.428,26.713,27.784,27.92,26.971,27.334,27.281,27.313,27.904,27.601,27.643,27.914,27.758,27.139,26.147,26.348,27.475,27.265,26.813,25.918,24.888,24.571,25.903,26.818,25.988,25.343,25.107,25.45,25.786,25.956,26.607,26.195,24.689,24.182,25.492,25.102,22.302,22.302,24.414,24.107,21.001,21.485,22.938,22.757,21.401,22.142,23.728,24.829,24.603,21.783,20.145,20.465,20.493,20.465,20.555,20.555,20.42,20.454,20.571,20.605,20.532,20.504,20.398,20.398,20.515,20.387,20.359,20.415,20.398,20.375,20.415,20.482,20.504,20.493,20.426,20.403,20.465,20.51,20.336,20.241,20.42,20.459,20.571,20.694,20.739,20.717,20.706,20.918,21.213,21.135,20.951,20.795,20.711,20.622,20.633,20.722,20.767,20.745,20.778,20.717,20.56,20.627,20.594,20.566,20.661,20.605,20.555,20.611,20.694,20.538,20.415,20.532,20.711,20.655,20.605,20.666,20.745,20.638,20.605,20.583,20.493,20.431,20.806,20.962,20.616,20.644,20.56,20.364,20.28,20.359,20.303,20.308,20.487,20.459,20.398,20.37,20.381,20.471,20.459,20.398
20.078,20.056,20.039,20.027,20.084,20.033,19.994,20.089,20.089,20.117,20.123,20.089,20.095,20.1,20.095,20.095,20.089,20.089,20.089,20.078,20.072,20.145,20.145,20.033,20.078,20.174,20.174,20.089,20.1,20.168,20.196,20.162,20.067,20.134,20.196,20.095,20.112,20.123,20.157,20.23,20.185,20.168,20.207,20.235,20.207,20.185,20.19,20.207,20.252,20.263,20.241,20.246,20.196,20.241,20.28,20.23,20.258,20.286,20.297,20.314,20.303,20.381,20.387,20.269,20.258,20.224,20.241,20.314,20.23,20.275,20.37,20.342,20.291,20.258,20.28,20.319,20.269,20.258,20.297,20.314,20.286,20.297,20.291,20.269,20.37,20.415,20.381,20.392,20.42,20.392,20.392,20.471,20.443,20.487,20.454,20.308,20.28,20.303,20.258,20.174,20.213,20.521,22.17,24.29,24.764,25.887,26.628,26.242,26.713,25.204,24.08,25.156,24.941,24.468,25.07,26.364,26.48,27.202,27.491,26.723,26.295,26.343,26.443,26.253,26.602,26.834,26.897,27.013,26.897,26.613,26.502,26.639,26.533,27.229,27.747,27.302,26.792,26.591,26.755,26.803,26.607,26.285,26.353,26.745,26.829,26.792,26.369,25.833,25.844,25.764,25.924,26.327,25.924,25.674,25.487,25.172,25.428,25.892,26.179,26.221,26.147,26.067,26.115,26.168,25.801,25.754,26.422,27.003,26.21,26.173,26.486,26.019,25.177,25.998,26.803,25.966,25.38,26.369,27.181,26.396,25.727,26.702,27.726,27.244,27.05,27.475,27.93,27.836,28.087,27.423,27.155,27.894,27.255,26.512,26.242,26.364,27.418,27.244,26.083,25.663,25.583,25.903,26.311,26.338,25.508,25.156,25.636,26.019,25.69,26.295,26.955,26.433,24.839,24.834,25.097,23.755,21.949,23.977,25.551,23.08,21.168,21.656,22.631,21.684,20.839,22.032,24.042,24.258,22.461,20.784,20.437,20.521,20.499,20.521,20.51,20.465,20.493,20.571,20.583,20.521,20.521,20.459,20.443,20.515,20.398,20.409,20.448,20.387,20.426,20.51,20.51,20.443,20.515,20.543,20.459,20.392,20.426,20.392,20.381,20.476,20.504,20.571,20.616,20.627,20.722,20.839,21.196,21.634,21.579,21.19,20.823,20.745,20.717,20.733,20.733,20.728,20.828,20.795,20.622,20.532,20.56,20.672,20.745,20.717,20.622,20.633,20.627,20.515,20.538,20.532,20.594,20.717,20.661,20.638,20.666,20.661,20.549,20.577,20.605,20.487,20.443,20.678,20.856,20.739,20.666,20.616,20.493,20.353,20.437,20.347,20.325,20.527,20.431,20.364,20.392,20.415,20.454,20.443,20.415
20.027,20.056,20.112,20.022,20.1,20.123,20.089,20.1,20.14,20.185,20.151,20.084,20.061,20.084,20.072,20.027,20.022,20.089,20.123,20.084,19.988,20.072,20.162,20.084,20.027,20.145,20.218,20.112,20.157,20.179,20.14,20.129,20.14,20.185,20.185,20.145,20.179,20.258,20.297,20.28,20.174,20.207,20.291,20.269,20.308,20.286,20.241,20.246,20.19,20.218,20.314,20.347,20.269,20.263,20.314,20.319,20.224,20.269,20.336,20.28,20.269,20.314,20.347,20.331,20.319,20.314,20.28,20.235,20.174,20.286,20.387,20.331,20.319,20.336,20.347,20.342,20.331,20.37,20.364,20.297,20.314,20.291,20.241,20.252,20.314,20.415,20.437,20.392,20.403,20.443,20.487,20.521,20.487,20.487,20.493,20.459,20.28,20.448,21.14,21.794,21.833,22.522,24.872,27.124,26.48,25.22,25.15,25.876,25.972,24.657,24.026,25.14,25.604,25.908,26.11,26.242,25.663,26.576,27.449,26.787,26.76,26.332,26.11,26.533,26.94,27.307,27.507,27.549,27.16,26.539,26.311,26.443,25.903,26.48,27.234,26.834,25.908,26.322,27.501,27.611,26.56,26.152,26.792,27.187,26.829,26.491,26.269,25.918,25.289,24.727,25.193,26.062,25.498,25.434,25.332,24.694,25.423,25.748,25.508,25.54,25.833,26.009,25.839,25.668,25.929,26.11,26.412,26.855,26.623,26.591,26.676,26.475,25.812,25.988,26.57,26.48,25.918,26.274,27.034,26.913,25.716,25.764,27.108,27.716,26.839,27.04,27.758,27.617,28.232,27.507,26.866,27.606,27.486,27.187,26.396,25.679,27.176,27.653,26.845,26.597,27.024,26.834,26.523,26.692,25.775,25.348,26.019,26.565,25.498,25.129,26.422,27.449,25.817,24.474,24.764,25.016,22.362,22.686,25.247,25.471,22.659,21.351,21.938,21.7,20.672,22.109,23.939,23.559,23.825,22.181,20.42,20.56,20.566,20.527,20.499,20.56,20.527,20.515,20.538,20.543,20.549,20.599,20.555,20.437,20.521,20.555,20.51,20.499,20.527,20.577,20.527,20.42,20.543,20.594,20.493,20.426,20.415,20.487,20.521,20.471,20.471,20.527,20.532,20.499,20.655,20.879,21.285,21.728,21.806,21.412,20.895,20.733,20.806,20.823,20.739,20.717,20.767,20.745,20.644,20.599,20.571,20.728,20.823,20.711,20.655,20.683,20.65,20.543,20.622,20.644,20.633,20.678,20.644,20.638,20.627,20.571,20.543,20.571,20.616,20.622,20.605,20.566,20.672,20.851,20.7,20.694,20.689,20.521,20.487,20.465,20.448,20.454,20.392,20.375,20.415,20.454,20.471,20.459,20.443
20.1,20.067,20.027,20.067,20.044,20.027,20.061,20.112,20.039,20.022,20.134,20.218,20.022,20.106,20.224,20.067,20.061,20.117,20.134,20.084,20.027,20.027,20.1,20.162,20.095,20.145,20.207,20.168,20.218,20.151,20.056,20.106,20.207,20.162,20.078,20.117,20.1,20.162,20.258,20.286,20.258,20.28,20.275,20.218,20.269,20.252,20.252,20.331,20.168,20.19,20.331,20.319,20.28,20.381,20.347,20.117,20.067,20.258,20.353,20.213,20.331,20.347,20.297,20.319,20.213,20.308,20.364,20.202,20.218,20.331,20.347,20.263,20.28,20.303,20.275,20.258,20.409,20.437,20.308,20.246,20.252,20.347,20.364,20.275,20.291,20.303,20.286,20.28,20.359,20.471,20.454,20.353,20.415,20.375,20.398,20.594,20.594,21.19,22.708,24.096,24.22,24.963,25.993,26.189,25.503,24.431,24.312,24.92,24.323,25.594,25.684,23.494,24.818,26.871,26.496,24.576,24.995,26.285,27.134,27.218,27.559,27.029,26.729,27.36,27.213,27.323,27.418,27.087,26.507,26.502,26.586,26.126,25.711,25.412,25.812,26.549,26.813,27.244,27.16,26.528,26.295,26.48,26.449,26.062,26.671,26.359,25.503,25.247,24.285,24.506,25.225,25.134,25.434,26.051,26.216,25.892,26.38,26.274,25.817,25.807,25.69,25.807,25.95,25.929,26.126,25.961,25.855,26.216,26.829,26.412,25.716,25.876,25.871,25.887,26.311,26.855,26.433,26.041,26.718,27.658,26.771,25.897,26.576,27.716,27.024,26.03,26.195,27.139,27.664,28.076,27.763,27.155,27.774,27.37,26.184,25.903,26.818,27.92,27.59,26.491,26.681,26.897,27.181,27.475,26.533,25.434,25.924,27.134,26.306,24.737,25.156,26.929,25.908,25.215,25.572,25.482,23.102,21.612,23.537,25.855,23.998,22.203,21.861,21.678,20.706,21.855,23.971,24.587,25.508,23.254,20.443,20.504,20.487,20.555,20.577,20.571,20.538,20.527,20.543,20.555,20.532,20.549,20.482,20.381,20.633,20.65,20.521,20.571,20.571,20.515,20.515,20.594,20.638,20.527,20.459,20.56,20.577,20.476,20.381,20.409,20.431,20.521,20.566,20.543,20.577,20.75,21.168,21.584,21.717,21.479,20.973,20.661,20.8,20.789,20.672,20.717,20.689,20.706,20.733,20.722,20.689,20.717,20.728,20.678,20.728,20.689,20.661,20.739,20.683,20.599,20.605,20.678,20.638,20.633,20.627,20.605,20.683,20.638,20.605,20.711,20.728,20.532,20.482,20.706,20.694,20.661,20.655,20.638,20.504,20.521,20.499,20.319,20.42,20.431,20.409,20.482,20.459,20.471,20.493
20.044,20.061,20.044,20.005,20.011,20.033,20.061,20.084,20.089,20.027,20.05,20.162,20.044,20.05,20.179,20.218,20.123,20.129,20.157,20.089,20.117,20.207,20.19,20.089,20.151,20.218,20.19,20.145,20.213,20.185,20.157,20.246,20.297,20.168,20.039,20.1,20.14,20.213,20.252,20.246,20.246,20.246,20.241,20.241,20.308,20.235,20.185,20.275,20.269,20.202,20.23,20.325,20.112,20.218,20.342,20.157,20.14,20.252,20.319,20.269,20.308,20.241,20.185,20.263,20.207,20.297,20.353,20.224,20.084,20.23,20.381,20.286,20.359,20.347,20.252,20.235,20.42,20.459,20.297,20.202,20.218,20.342,20.387,20.314,20.359,20.303,20.286,20.398,20.443,20.392,20.364,20.431,20.409,20.431,20.336,20.37,21.601,23.499,24.839,25.295,25.684,25.156,24.791,25.305,25.418,23.765,23.445,25.642,26.997,25.348,23.047,23.581,26.041,26.681,25.252,24.597,24.279,25.604,27.124,27.244,27.113,27.092,27.428,27.763,27.711,27.627,27.171,26.565,26.966,27.139,26.613,25.998,25.375,25.812,26.634,26.607,26.019,26.003,26.274,26.104,26.019,26.554,26.586,25.743,25.514,25.204,25.487,26.173,25.498,25.674,25.796,25.081,26.041,26.327,26.067,26.29,26.163,25.924,25.812,25.871,25.828,26.375,26.544,25.95,25.993,25.817,25.599,25.727,26.205,26.338,26.136,26.062,25.807,25.743,26.168,26.602,26.2,25.674,26.56,28.071,27.549,26.338,26.449,27.648,27.815,26.438,25.514,26.269,26.443,27.517,28.014,27.318,27.617,27.914,27.292,26.433,27.208,28.217,27.543,25.913,25.658,26.195,26.855,26.992,26.713,26.157,26.242,26.85,27.082,24.554,23.668,26.327,26.829,25.466,25.006,26.216,24.404,22.109,22.12,23.456,22.631,22.883,24.004,23.961,21.529,21.185,22.768,23.38,25.279,23.499,20.454,20.459,20.454,20.56,20.611,20.605,20.527,20.493,20.521,20.549,20.577,20.538,20.465,20.443,20.493,20.493,20.504,20.577,20.611,20.454,20.37,20.527,20.543,20.476,20.465,20.549,20.532,20.415,20.353,20.42,20.403,20.415,20.471,20.521,20.588,20.655,20.923,21.318,21.507,21.274,20.839,20.689,20.75,20.806,20.683,20.538,20.599,20.672,20.683,20.672,20.611,20.611,20.65,20.65,20.666,20.711,20.717,20.683,20.733,20.566,20.504,20.717,20.655,20.65,20.694,20.683,20.655,20.605,20.583,20.611,20.627,20.644,20.622,20.594,20.638,20.672,20.622,20.543,20.499,20.482,20.443,20.37,20.359,20.387,20.431,20.465,20.465,20.482,20.493
20.061,20.112,20.112,20.016,20.039,20.14,20.157,20.078,20.078,20.106,20.089,20.039,20.072,20.033,20.044,20.168,20.1,20.084,20.117,20.123,20.213,20.162,20.112,20.19,20.145,20.202,20.23,20.145,20.241,20.196,20.157,20.263,20.23,20.134,20.1,20.151,20.185,20.179,20.168,20.19,20.224,20.241,20.218,20.213,20.325,20.314,20.241,20.269,20.258,20.23,20.218,20.23,20.185,20.179,20.235,20.297,20.314,20.353,20.364,20.325,20.258,20.342,20.342,20.168,20.196,20.28,20.342,20.342,20.145,20.235,20.381,20.286,20.353,20.353,20.269,20.235,20.286,20.392,20.375,20.263,20.319,20.342,20.342,20.381,20.387,20.314,20.319,20.437,20.476,20.42,20.443,20.583,20.521,20.583,21.107,22.126,24.823,25.855,24.63,23.825,23.998,25.305,25.209,23.527,24.02,24.641,25.257,26.062,26.892,25.503,24.694,26.401,27.507,26.104,24.522,25.231,25.236,26.512,27.653,27.349,26.876,26.86,27.155,27.15,27.16,27.129,26.781,26.38,26.897,26.745,26.226,26.316,26.613,26.86,26.581,26.094,26.126,25.929,25.807,26.041,26.03,26.576,26.702,25.988,25.642,25.498,25.897,26.443,26.248,26.168,26.173,26.078,26.565,26.375,25.823,25.796,25.796,25.865,25.754,25.524,25.54,25.908,26.141,25.972,25.679,25.679,25.652,25.38,25.46,26.184,26.554,26.157,26.141,25.956,25.924,26.189,26.274,25.642,25.78,27.024,27.465,26.591,25.892,26.57,27.747,27.082,25.642,25.754,26.523,27.391,27.836,27.941,27.653,27.454,27.439,27.386,27.391,27.087,26.449,26.014,26.078,26.655,27.097,27.018,26.908,26.634,26.057,25.652,26.955,26.003,24.42,25.102,26.686,25.934,25.118,26.517,26.359,25.583,24.506,23.641,22.971,22.746,24.188,25.77,23.635,21.606,21.523,22.126,23.053,23.592,22.28,20.364,20.353,20.521,20.532,20.583,20.51,20.493,20.515,20.504,20.566,20.56,20.51,20.499,20.42,20.387,20.437,20.493,20.504,20.426,20.387,20.448,20.465,20.437,20.431,20.482,20.448,20.42,20.403,20.375,20.314,20.415,20.51,20.471,20.583,20.672,20.784,20.945,21.046,20.94,20.789,20.784,20.678,20.739,20.773,20.633,20.627,20.728,20.756,20.672,20.672,20.717,20.683,20.588,20.566,20.683,20.75,20.689,20.728,20.611,20.566,20.717,20.638,20.678,20.745,20.683,20.655,20.65,20.644,20.644,20.633,20.694,20.678,20.571,20.756,20.828,20.694,20.588,20.605,20.538,20.443,20.431,20.392,20.364,20.403,20.471,20.454,20.415,20.398
20.072,20.1,20.129,20.112,20.089,20.151,20.179,20.106,20.061,20.117,20.123,20.044,20.089,20.05,19.999,20.044,20.095,20.1,20.095,20.123,20.117,19.994,20.016,20.218,20.1,20.129,20.218,20.174,20.241,20.185,20.129,20.196,20.168,20.14,20.151,20.185,20.202,20.145,20.123,20.202,20.241,20.269,20.235,20.19,20.325,20.364,20.286,20.241,20.162,20.218,20.269,20.213,20.331,20.303,20.246,20.342,20.359,20.364,20.347,20.319,20.297,20.459,20.443,20.179,20.207,20.275,20.319,20.364,20.28,20.331,20.381,20.297,20.308,20.336,20.314,20.263,20.241,20.353,20.415,20.336,20.387,20.325,20.303,20.415,20.353,20.325,20.392,20.471,20.448,20.566,20.784,20.929,20.923,21.473,22.905,24.377,25.977,25.289,23.014,22.186,22.867,25.407,25.572,23.129,24.317,26.56,26.639,25.016,25.289,26.639,27.972,28.269,27.16,25.881,25.524,25.823,26.38,27.638,28.175,27.58,27.166,26.723,26.502,26.443,26.11,26.391,26.686,26.385,26.348,26.216,26.301,26.702,27.412,26.918,25.988,26.104,26.808,26.613,26.237,26.66,26.528,26.316,26.279,26.396,26.57,26.602,26.295,26.003,26.274,26.417,26.311,26.263,26.237,26.083,25.642,25.263,25.583,25.801,25.594,25.348,25.375,25.439,25.588,25.743,25.466,25.524,25.642,25.455,25.386,26.104,26.576,26.189,26.338,26.322,26.035,25.871,26.263,25.956,25.396,25.567,26.311,26.401,25.743,25.535,26.639,27.465,26.908,26.099,26.771,26.934,27.187,28.076,27.967,27.134,26.818,27.276,26.739,26.316,26.655,27.187,27.103,27.071,27.444,27.784,27.202,26.576,25.871,25.268,26.295,27.208,26.2,24.624,25.876,26.019,25.011,24.974,26.025,27.528,27.166,25.263,24.134,22.324,22.494,24.457,23.879,22.971,22.384,21.971,21.246,23.265,23.971,21.296,20.566,20.403,20.493,20.504,20.521,20.532,20.538,20.549,20.515,20.538,20.538,20.465,20.448,20.426,20.415,20.437,20.448,20.504,20.51,20.459,20.499,20.454,20.403,20.448,20.437,20.482,20.476,20.381,20.336,20.482,20.566,20.465,20.538,20.633,20.683,20.711,20.683,20.778,20.856,20.778,20.711,20.678,20.733,20.817,20.745,20.767,20.773,20.672,20.711,20.806,20.761,20.611,20.599,20.666,20.706,20.689,20.678,20.666,20.689,20.728,20.627,20.666,20.711,20.633,20.666,20.655,20.644,20.683,20.683,20.655,20.622,20.655,20.812,20.923,20.823,20.666,20.672,20.627,20.504,20.42,20.437,20.409,20.398,20.443,20.409,20.37,20.359
20.011,20.022,20.089,20.162,20.095,20.044,20.078,20.117,20.117,20.033,20.033,20.157,20.095,20.061,20.072,20.089,20.179,20.207,20.145,20.095,19.949,20.011,20.112,20.044,20.117,20.14,20.14,20.185,20.185,20.196,20.207,20.213,20.252,20.213,20.145,20.151,20.213,20.202,20.185,20.252,20.258,20.275,20.252,20.224,20.331,20.319,20.202,20.168,20.162,20.196,20.269,20.331,20.291,20.387,20.409,20.269,20.297,20.258,20.224,20.291,20.403,20.364,20.269,20.291,20.286,20.286,20.28,20.269,20.263,20.359,20.409,20.353,20.353,20.364,20.336,20.297,20.37,20.415,20.37,20.325,20.325,20.314,20.336,20.398,20.353,20.359,20.487,20.622,20.487,20.745,21.207,21.424,21.579,22.768,24.274,24.732,23.825,23.314,23.08,22.757,24.651,25.247,24.387,24.484,26.697,27.365,25.38,23.955,26.147,27.737,27.507,27.018,25.684,26.035,26.824,26.242,26.221,27.334,28.17,27.747,27.386,26.85,26.613,26.644,25.881,26.327,26.871,26.269,26.221,26.65,26.94,26.723,26.475,26.019,26.195,26.876,26.671,26.311,26.591,27.181,26.913,25.918,25.668,26.443,26.586,26.613,26.332,26.03,26.655,27.234,26.496,25.252,25.594,25.732,25.482,25.455,25.471,25.407,25.466,25.684,25.732,25.972,25.855,25.359,25.46,25.412,25.444,25.754,25.754,26.157,26.465,26.253,26.03,26.391,26.428,25.748,25.828,26.088,25.833,25.284,25.327,26.131,26.332,25.642,25.807,27.501,28.139,26.75,25.998,25.918,26.697,27.486,28.107,27.768,26.766,26.279,26.051,27.155,28.342,28.191,27.118,26.285,26.976,28.024,27.36,26.602,26.316,26.2,26.078,26.686,26.544,25.391,25.903,25.775,24.209,22.889,23.543,25.668,26.316,24.845,23.868,22.839,22.203,22.026,21.877,23.814,24.447,22.362,21.64,22.85,23.906,22.982,21.112,20.297,20.588,20.459,20.549,20.571,20.583,20.666,20.521,20.487,20.51,20.437,20.454,20.482,20.476,20.459,20.566,20.611,20.543,20.499,20.549,20.504,20.443,20.476,20.493,20.499,20.482,20.471,20.476,20.482,20.493,20.515,20.532,20.476,20.521,20.689,20.638,20.806,20.873,20.678,20.823,20.722,20.611,20.773,20.806,20.722,20.627,20.622,20.588,20.65,20.728,20.722,20.711,20.694,20.65,20.605,20.65,20.65,20.678,20.767,20.666,20.633,20.666,20.644,20.627,20.577,20.555,20.599,20.638,20.622,20.638,20.722,20.655,20.839,20.89,20.611,20.583,20.616,20.543,20.409,20.403,20.459,20.448,20.381,20.392,20.415,20.42
20.027,19.988,19.988,20.027,20.078,20.05,20.016,20.067,20.061,19.892,19.881,20.112,20.067,20.016,20.044,20.1,20.112,20.162,20.168,20.095,19.949,20.14,20.275,20.078,20.151,20.145,20.106,20.157,20.129,20.162,20.19,20.157,20.117,20.235,20.275,20.123,20.14,20.1,20.089,20.179,20.23,20.252,20.23,20.23,20.325,20.297,20.23,20.275,20.213,20.202,20.28,20.353,20.325,20.347,20.336,20.263,20.359,20.353,20.28,20.291,20.291,20.291,20.286,20.286,20.308,20.258,20.246,20.342,20.314,20.297,20.319,20.347,20.381,20.381,20.325,20.286,20.308,20.319,20.325,20.353,20.308,20.342,20.342,20.269,20.297,20.37,20.476,20.543,20.202,20.929,21.839,21.938,22.894,23.82,23.831,23.358,22.79,24.898,25.102,21.988,23.134,25.908,26.623,25.252,25.908,26.136,25.578,25.466,27.155,27.852,26.528,25.182,24.7,25.881,27.402,27.601,26.934,27.15,27.909,27.888,27.297,26.866,26.924,26.934,26.141,26.242,26.824,26.713,26.359,26.465,26.855,26.845,26.322,25.972,26.046,26.126,26.019,25.924,25.887,25.892,26.104,25.759,25.668,26.279,26.385,26.057,25.918,26.375,27.449,27.192,26.179,26.025,25.69,25.524,25.498,25.418,25.37,25.551,25.812,25.887,25.849,25.498,25.177,25.209,25.375,25.647,25.993,26.263,26.094,26.152,26.019,25.583,25.934,26.126,26.083,26.12,25.844,25.663,25.45,25.14,25.124,25.69,26.285,26.285,25.311,26.602,28.3,27.81,26.792,26.839,27.129,26.628,27.617,27.276,26.359,26.602,26.745,27.302,27.961,28.159,27.836,26.232,25.316,26.12,26.961,27.328,26.992,26.539,25.268,25.924,27.097,26.676,26.665,26.718,25.289,22.921,21.595,22.828,24.673,24.694,24.635,25.375,24.404,21.717,21.24,24.479,25.833,23.102,23.309,23.966,24.441,24.29,21.429,20.145,20.666,20.459,20.527,20.588,20.594,20.594,20.527,20.51,20.543,20.555,20.538,20.515,20.454,20.403,20.532,20.605,20.515,20.437,20.515,20.443,20.381,20.504,20.42,20.415,20.459,20.431,20.415,20.471,20.504,20.482,20.499,20.459,20.543,20.739,20.694,20.773,20.773,20.605,20.717,20.778,20.745,20.745,20.789,20.733,20.627,20.611,20.666,20.633,20.588,20.644,20.588,20.65,20.7,20.622,20.599,20.588,20.627,20.683,20.644,20.666,20.717,20.717,20.633,20.611,20.65,20.644,20.616,20.56,20.605,20.722,20.594,20.761,20.879,20.644,20.527,20.555,20.594,20.521,20.471,20.459,20.437,20.398,20.465,20.426,20.342
20.039,20.084,20.14,20.095,20.145,20.145,20.067,20.022,20.095,20.033,19.966,20.05,20.089,20.1,20.106,20.134,20.129,20.157,20.179,20.145,20.084,20.19,20.23,20.089,20.1,20.19,20.213,20.145,20.145,20.179,20.162,20.1,20.106,20.207,20.241,20.162,20.145,20.196,20.196,20.134,20.162,20.202,20.218,20.23,20.314,20.325,20.319,20.359,20.291,20.303,20.336,20.291,20.269,20.297,20.308,20.275,20.37,20.437,20.37,20.286,20.263,20.336,20.37,20.319,20.286,20.359,20.403,20.342,20.325,20.325,20.325,20.331,20.381,20.392,20.364,20.364,20.387,20.387,20.336,20.297,20.308,20.392,20.392,20.347,20.644,20.784,20.745,21.023,22.527,22.916,22.631,23.151,23.592,23.331,22.828,23.069,24.501,25.049,23.95,23.107,24.085,26.459,27.297,26.051,25.279,25.193,26.205,27.223,27.554,27.055,25.77,24.979,26.343,26.966,27.25,28.17,27.758,27.16,27.344,27.888,27.559,26.918,26.623,26.686,26.285,26.258,26.829,27.223,26.581,26.131,26.126,26.088,26.168,26.396,26.226,25.722,25.647,25.604,25.418,25.252,25.46,25.945,26.141,25.94,25.812,25.599,26.051,26.918,26.955,26.205,25.695,25.908,25.471,25.535,25.679,25.418,25.807,26.21,26.078,25.695,25.615,25.343,25.091,25.145,25.423,25.679,25.86,26.014,25.961,25.801,25.604,25.498,25.77,25.69,25.647,25.956,25.62,25.476,25.62,25.615,24.963,25.668,26.755,26.528,25.241,25.508,27.292,28.133,27.181,26.955,27.37,27.187,27.118,27.018,26.929,26.976,27.585,27.48,27.376,27.988,28.316,27.334,25.876,25.636,26.839,27.475,27.486,27.585,25.94,25.775,27.04,27.444,27.124,27.418,27.018,25.204,22.461,22.741,24.36,23.858,23.249,25.247,25.94,23.249,21.512,23.189,24.414,22.576,23.488,24.08,24.479,24.952,22.724,20.879,20.583,20.543,20.527,20.571,20.571,20.532,20.515,20.56,20.594,20.555,20.504,20.521,20.493,20.415,20.583,20.605,20.504,20.504,20.543,20.493,20.426,20.448,20.454,20.42,20.392,20.415,20.403,20.471,20.527,20.504,20.571,20.571,20.644,20.823,20.778,20.756,20.767,20.745,20.706,20.784,20.823,20.756,20.789,20.795,20.728,20.661,20.706,20.717,20.599,20.487,20.605,20.678,20.694,20.75,20.644,20.655,20.683,20.616,20.75,20.767,20.694,20.706,20.672,20.672,20.638,20.577,20.594,20.594,20.577,20.594,20.599,20.706,20.817,20.812,20.644,20.583,20.588,20.521,20.482,20.426,20.409,20.443,20.487,20.443,20.37
20.067,20.134,20.19,20.129,20.1,20.117,20.095,20.033,20.123,20.19,20.123,20.039,20.117,20.162,20.14,20.14,20.157,20.179,20.168,20.151,20.168,20.117,20.061,20.084,20.084,20.202,20.246,20.145,20.151,20.19,20.174,20.112,20.168,20.174,20.162,20.196,20.168,20.252,20.275,20.145,20.145,20.174,20.224,20.28,20.308,20.336,20.336,20.308,20.263,20.297,20.325,20.275,20.246,20.297,20.325,20.291,20.308,20.37,20.347,20.258,20.325,20.359,20.342,20.359,20.297,20.42,20.465,20.303,20.297,20.359,20.375,20.331,20.331,20.398,20.437,20.398,20.409,20.42,20.381,20.336,20.308,20.638,21.335,21.794,21.29,20.867,21.518,22.785,24.786,24.047,22.735,23.603,22.9,22.142,22.642,23.906,25.524,24.188,23.352,25.567,25.567,26.099,26.623,26.232,25.343,25.844,27.276,27.721,27.071,26.375,26.232,26.496,27.894,27.638,26.871,27.522,27.878,27.365,26.882,27.286,27.841,27.349,26.385,26.274,26.723,26.565,26.502,27.04,26.533,25.759,25.418,25.556,25.956,26.253,26.141,25.881,25.679,25.503,25.407,25.402,25.535,26.141,26.279,25.711,25.572,25.748,26.253,26.565,25.732,25.423,25.519,25.231,25.198,25.53,25.732,25.631,26.11,26.226,25.738,25.338,25.37,25.508,25.466,25.327,25.514,25.626,25.503,25.391,25.471,25.503,25.695,26.003,25.839,25.945,26.115,25.945,25.562,25.508,26.041,26.428,25.354,25.62,26.602,26.428,25.732,25.182,26.041,27.334,26.697,26.057,26.897,28.087,26.918,27.045,27.669,27.134,27.742,27.617,27.276,27.653,27.815,27.956,27.669,27.192,27.428,27.302,27.428,28.019,27.433,26.517,26.507,27.171,26.913,27.292,27.904,27.57,25.032,25.038,26.03,24.748,23.025,22.987,24.791,25.583,23.003,21.811,22.274,22.01,22.214,22.708,23.652,24.447,24.031,21.938,20.353,20.605,20.577,20.56,20.538,20.532,20.504,20.577,20.588,20.465,20.392,20.482,20.543,20.459,20.566,20.543,20.487,20.566,20.577,20.588,20.515,20.409,20.504,20.527,20.465,20.459,20.409,20.443,20.504,20.51,20.571,20.588,20.627,20.733,20.75,20.784,20.828,20.851,20.761,20.733,20.784,20.8,20.812,20.778,20.728,20.711,20.694,20.717,20.627,20.476,20.655,20.689,20.644,20.733,20.672,20.722,20.728,20.622,20.778,20.789,20.65,20.611,20.655,20.655,20.577,20.521,20.549,20.633,20.638,20.566,20.611,20.683,20.761,20.823,20.722,20.599,20.51,20.454,20.476,20.409,20.37,20.448,20.415,20.381,20.381
20.123,20.061,19.971,19.96,19.937,19.966,20.033,20.084,20.067,20.084,20.084,20.056,20.106,20.095,20.067,20.1,20.095,20.157,20.168,20.1,20.112,20.084,20.072,20.129,20.174,20.162,20.129,20.129,20.106,20.168,20.213,20.157,20.129,20.185,20.224,20.179,20.095,20.095,20.145,20.157,20.196,20.185,20.23,20.353,20.314,20.286,20.28,20.241,20.174,20.151,20.241,20.353,20.342,20.319,20.314,20.314,20.286,20.286,20.275,20.246,20.342,20.291,20.235,20.347,20.359,20.325,20.308,20.331,20.297,20.308,20.342,20.347,20.28,20.392,20.459,20.325,20.269,20.319,20.454,20.543,20.342,21.029,22.675,23.597,21.606,20.443,22.285,24.452,24.296,22.889,22.296,22.927,22.12,21.971,23.134,24.204,24.112,24.775,26.189,26.766,24.689,25.343,26.924,26.094,25.567,26.829,28.066,27.507,26.76,26.65,27.108,27.234,26.982,26.934,27.018,27.008,27.559,27.543,26.829,26.517,27.732,27.935,26.86,26.353,27.344,26.845,25.977,26.486,26.301,25.514,25.327,25.977,25.833,25.551,25.604,25.849,25.626,25.476,25.354,25.225,25.722,26.046,25.865,25.663,25.807,26.025,25.913,25.578,25.407,25.551,25.626,25.407,25.375,25.38,25.594,25.887,25.823,25.476,25.22,25.273,25.444,25.444,25.439,25.594,25.524,25.775,25.786,25.338,25.252,25.535,25.945,26.141,26.136,26.676,27.003,26.544,25.913,25.418,25.913,26.702,26.073,25.198,25.519,26.491,26.216,25.46,25.652,26.607,26.38,25.7,26.301,27.721,26.929,26.971,27.528,27.313,27.423,27.47,27.376,27.276,27.113,27.192,27.737,28.227,27.956,27.496,27.292,27.386,27.961,27.208,26.375,26.845,26.776,27.061,27.779,28.055,26.189,25.934,27.124,27.071,25.647,22.45,23.085,26.882,24.533,22.247,22.302,22.735,21.944,21.739,22.702,23.641,24.447,22.565,20.342,20.566,20.616,20.599,20.532,20.549,20.527,20.543,20.532,20.465,20.375,20.454,20.538,20.459,20.431,20.448,20.471,20.482,20.532,20.583,20.543,20.465,20.471,20.605,20.638,20.493,20.375,20.403,20.471,20.448,20.448,20.471,20.504,20.538,20.638,20.795,20.828,20.733,20.706,20.7,20.756,20.823,20.817,20.694,20.638,20.722,20.733,20.622,20.543,20.605,20.583,20.611,20.616,20.555,20.594,20.65,20.666,20.65,20.627,20.706,20.706,20.583,20.571,20.599,20.616,20.605,20.521,20.605,20.728,20.706,20.588,20.655,20.739,20.65,20.627,20.532,20.454,20.482,20.538,20.431,20.342,20.426,20.359,20.297,20.291
20.061,20.016,19.982,20.033,20.05,19.982,19.982,20.095,20.005,20.061,20.106,19.994,20.1,20.157,20.084,20.033,20.027,20.14,20.179,20.078,20.078,20.134,20.168,20.145,20.061,20.151,20.224,20.117,20.151,20.179,20.179,20.179,20.067,20.185,20.325,20.246,20.112,20.095,20.174,20.19,20.151,20.185,20.252,20.275,20.269,20.258,20.23,20.213,20.291,20.269,20.224,20.291,20.297,20.325,20.331,20.303,20.28,20.291,20.331,20.364,20.375,20.37,20.325,20.28,20.263,20.314,20.331,20.275,20.275,20.297,20.331,20.342,20.263,20.235,20.263,20.263,20.275,20.431,20.566,20.56,20.443,21.39,22.746,22.992,21.107,20.711,22.637,23.977,23.342,22.269,22.313,23.047,22.774,21.59,22.225,24.753,26.253,26.141,26.073,26.95,24.657,24.441,26.422,27.286,27.669,26.971,26.66,27.449,27.276,27.805,27.695,26.496,26.523,27.386,27.638,27.04,27.721,27.967,27.16,26.512,27.611,28.128,27.292,26.465,26.406,26.136,26.205,26.729,26.279,25.77,25.62,25.674,25.966,25.977,25.764,25.722,25.615,25.444,25.38,25.492,25.823,25.945,25.674,25.434,25.567,25.807,25.817,25.642,25.476,25.364,25.626,25.993,25.679,25.439,25.514,25.615,25.652,25.407,25.215,25.348,25.546,25.338,25.182,25.466,25.428,25.892,26.03,25.444,25.097,25.182,25.551,25.775,26.163,26.607,26.644,26.338,25.993,25.487,25.386,25.668,25.572,25.166,25.295,25.988,26.21,25.572,25.562,26.634,26.961,26.195,25.977,27.05,27.475,27.533,27.501,27.512,26.512,26.533,27.48,27.779,27.397,26.184,26.475,28.139,27.339,27.16,27.617,27.585,28.212,27.831,27.05,27.097,27.192,27.076,27.202,27.59,27.25,25.796,25.503,26.713,26.396,23.391,23.418,27.045,24.705,22.021,22.109,23.293,23.233,22.093,21.723,22.96,25.407,23.955,20.694,20.409,20.499,20.599,20.538,20.527,20.527,20.431,20.403,20.493,20.409,20.431,20.515,20.499,20.398,20.515,20.577,20.392,20.409,20.515,20.538,20.471,20.555,20.56,20.482,20.454,20.37,20.392,20.431,20.415,20.521,20.499,20.415,20.471,20.56,20.683,20.694,20.616,20.555,20.538,20.666,20.823,20.75,20.672,20.683,20.722,20.706,20.706,20.655,20.577,20.566,20.566,20.549,20.532,20.543,20.594,20.655,20.672,20.543,20.616,20.739,20.678,20.594,20.599,20.627,20.599,20.599,20.611,20.633,20.65,20.577,20.543,20.588,20.644,20.678,20.532,20.392,20.454,20.538,20.454,20.381,20.476,20.459,20.375,20.314
20.011,20.011,20.056,20.05,20.033,20.134,20.157,20.044,20.061,20.117,20.095,20.027,20.14,20.157,20.14,20.213,20.168,20.129,20.14,20.174,20.117,20.157,20.207,20.157,20.084,20.213,20.286,20.145,20.185,20.196,20.19,20.207,20.106,20.202,20.342,20.291,20.185,20.123,20.151,20.202,20.275,20.269,20.235,20.275,20.319,20.336,20.275,20.224,20.325,20.325,20.263,20.28,20.258,20.314,20.387,20.37,20.28,20.314,20.403,20.409,20.403,20.415,20.392,20.336,20.308,20.336,20.364,20.359,20.398,20.37,20.308,20.297,20.263,20.291,20.375,20.448,20.543,20.627,20.895,21.235,20.923,21.629,22.992,23.336,21.235,21.107,22.395,22.258,21.888,21.712,22.015,22.379,22.225,23.08,24.813,26.083,27.454,26.75,25.016,24.732,25.145,25.865,26.866,27.831,28.425,27.018,26.099,27.318,27.643,27.36,26.697,26.338,26.242,27.292,27.993,27.491,27.559,27.92,27.711,27.066,27.59,27.946,27.533,26.887,26.025,26.088,26.665,26.618,26.348,25.966,25.583,25.364,25.78,26.062,25.791,25.45,25.46,25.514,25.567,25.626,25.514,25.562,25.599,25.466,25.471,25.503,25.508,25.492,25.428,25.348,25.738,26.311,26.009,25.647,25.716,25.929,25.727,25.476,25.38,25.391,25.508,25.386,25.215,25.348,25.78,26.152,25.972,25.594,25.754,25.668,25.444,25.535,25.993,26.375,26.449,26.406,26.311,25.679,25.118,25.182,25.407,25.69,25.711,25.679,26.586,26.38,25.759,26.12,26.718,26.301,25.743,26.332,27.904,27.753,27.26,28.076,26.982,26.184,26.839,27.753,27.779,26.576,26.406,27.768,27.297,27.223,27.706,27.956,28.503,28.061,26.966,26.613,27.271,27.638,27.486,27.454,27.826,25.903,24.285,25.311,26.512,24.404,23.548,26.486,26.586,23.407,21.446,23.238,24.554,22.927,21.007,22.252,25.599,26.263,22.998,20.286,20.381,20.638,20.549,20.599,20.588,20.515,20.476,20.51,20.499,20.56,20.56,20.471,20.454,20.532,20.555,20.476,20.487,20.499,20.476,20.465,20.527,20.504,20.426,20.42,20.493,20.499,20.426,20.403,20.42,20.527,20.594,20.571,20.555,20.633,20.672,20.605,20.661,20.661,20.672,20.756,20.7,20.778,20.806,20.678,20.761,20.795,20.694,20.627,20.711,20.683,20.627,20.7,20.706,20.661,20.644,20.678,20.622,20.594,20.655,20.733,20.672,20.638,20.655,20.655,20.65,20.633,20.627,20.661,20.678,20.65,20.644,20.706,20.761,20.599,20.437,20.493,20.487,20.504,20.51,20.482,20.493,20.454,20.409
20.027,20.078,20.129,20.039,20.016,20.207,20.241,20.022,20.095,20.134,20.123,20.151,20.157,20.095,20.134,20.286,20.263,20.14,20.1,20.19,20.112,20.162,20.218,20.157,20.224,20.252,20.213,20.202,20.174,20.179,20.213,20.224,20.185,20.19,20.241,20.269,20.207,20.168,20.174,20.202,20.314,20.297,20.241,20.297,20.275,20.319,20.336,20.28,20.269,20.308,20.331,20.308,20.286,20.291,20.359,20.431,20.325,20.342,20.403,20.359,20.409,20.387,20.359,20.403,20.403,20.381,20.387,20.431,20.443,20.403,20.347,20.364,20.454,20.493,20.778,21.229,21.146,21.029,21.374,21.85,21.235,21.573,23.003,23.63,21.507,20.968,21.883,21.783,21.833,21.883,22.065,22.472,23.08,25.07,26.639,26.602,26.729,26.422,24.721,23.118,25.764,27.25,26.855,27.024,27.862,27.475,26.65,26.839,27.145,26.369,26.157,27.265,26.897,26.992,27.57,27.737,27.344,27.538,27.852,27.538,26.982,27.418,27.888,27.318,26.544,26.285,26.311,26.057,26.253,26.025,25.61,25.594,25.716,25.94,25.775,25.354,25.375,25.46,25.535,25.562,25.22,25.295,25.642,25.684,25.487,25.348,25.343,25.354,25.391,25.503,25.727,25.956,26.014,26.014,26.263,26.554,25.871,25.471,25.503,25.412,25.332,25.588,25.706,25.498,25.94,26.009,25.658,25.578,26.115,26.078,25.578,25.482,25.679,26.184,26.56,26.586,26.644,25.998,25.327,25.407,25.833,26.216,25.972,25.578,26.279,26.57,25.982,25.562,26.523,26.745,25.956,25.679,26.955,27.365,27.328,27.899,27.543,26.613,26.459,27.223,27.528,27.439,27.292,27.444,27.533,27.37,27.512,28.071,28.497,28.076,26.818,26.057,26.834,27.92,27.909,27.218,27.491,27.082,25.594,24.549,26.041,25.156,24.074,25.711,27.758,25.732,22.395,22.615,24.22,23.26,21.168,21.662,24.533,26.976,25.022,21.079,20.515,20.493,20.515,20.633,20.611,20.638,20.611,20.493,20.515,20.577,20.532,20.431,20.493,20.487,20.476,20.549,20.555,20.515,20.476,20.471,20.465,20.487,20.471,20.431,20.515,20.515,20.437,20.42,20.331,20.499,20.678,20.605,20.543,20.622,20.7,20.661,20.8,20.823,20.717,20.694,20.694,20.828,20.8,20.599,20.722,20.761,20.672,20.672,20.795,20.761,20.694,20.778,20.806,20.717,20.627,20.65,20.666,20.627,20.622,20.689,20.666,20.666,20.661,20.633,20.655,20.672,20.678,20.7,20.683,20.767,20.778,20.666,20.717,20.661,20.555,20.543,20.476,20.487,20.521,20.493,20.443,20.42,20.42
20.084,20.162,20.168,20.1,20.14,20.123,20.078,20.078,20.027,20.084,20.19,20.218,20.134,20.095,20.095,20.084,20.134,20.168,20.123,20.072,20.022,20.174,20.263,20.151,20.258,20.196,20.129,20.235,20.162,20.157,20.207,20.218,20.179,20.145,20.179,20.23,20.179,20.23,20.275,20.207,20.162,20.224,20.291,20.252,20.123,20.179,20.319,20.319,20.275,20.331,20.364,20.297,20.336,20.275,20.263,20.392,20.392,20.375,20.353,20.342,20.409,20.375,20.325,20.375,20.364,20.415,20.426,20.364,20.331,20.37,20.504,20.666,20.923,20.834,21.179,22.004,21.64,21.435,21.662,21.745,21.09,21.424,22.527,22.785,21.185,20.543,21.888,23.134,23.042,22.631,23.003,24.117,25.871,25.305,24.544,25.887,26.131,26.332,25.439,24.155,26.009,26.56,25.844,26.242,27.852,28.061,26.829,26.279,26.422,26.723,27.318,27.982,27.914,27.208,26.966,27.486,27.48,27.418,27.543,27.58,26.078,26.908,28.29,27.517,26.892,25.908,25.455,25.759,26.051,26.141,26.062,26.073,26.025,26.094,25.929,25.53,25.508,25.338,25.322,25.562,25.332,25.38,25.674,25.738,25.412,25.332,25.53,25.604,25.599,25.583,25.54,25.535,25.865,26.343,26.644,26.597,25.807,25.402,25.535,25.53,25.3,25.738,26.104,25.754,25.61,25.572,25.54,25.466,25.546,25.642,25.578,25.45,25.471,26.051,26.507,26.391,26.66,26.279,25.556,25.423,26.041,26.168,25.674,25.386,25.161,25.743,26.019,25.631,27.108,27.721,26.438,25.188,25.412,26.997,27.742,26.934,26.871,26.86,26.86,26.913,26.997,27.344,27.486,27.255,27.239,27.192,27.439,27.93,28.196,28.29,27.486,26.38,26.528,27.528,27.564,26.549,26.913,28.248,27.517,24.974,25.289,25.738,25.455,25.236,26.428,26.892,24.845,22.368,23.025,22.971,21.689,21.285,23.358,25.556,24.941,22.609,20.918,20.235,20.499,20.555,20.538,20.605,20.599,20.482,20.459,20.42,20.415,20.459,20.454,20.476,20.487,20.465,20.431,20.515,20.566,20.487,20.504,20.487,20.454,20.454,20.398,20.381,20.426,20.471,20.448,20.454,20.476,20.482,20.499,20.583,20.65,20.661,20.739,20.756,20.706,20.7,20.711,20.745,20.678,20.566,20.588,20.694,20.717,20.644,20.694,20.683,20.633,20.655,20.678,20.661,20.627,20.622,20.566,20.65,20.722,20.65,20.583,20.65,20.65,20.515,20.65,20.7,20.65,20.661,20.566,20.683,20.728,20.538,20.594,20.672,20.633,20.538,20.521,20.42,20.42,20.549,20.437,20.359,20.364
20.207,20.157,20.1,20.202,20.174,20.129,20.106,20.095,20.117,20.022,19.994,20.129,20.145,20.168,20.162,20.134,20.095,20.224,20.23,20.022,20.056,20.129,20.134,20.112,20.174,20.117,20.112,20.235,20.157,20.207,20.275,20.202,20.145,20.207,20.269,20.218,20.151,20.246,20.314,20.207,20.252,20.252,20.246,20.291,20.246,20.275,20.314,20.291,20.331,20.336,20.275,20.23,20.275,20.319,20.303,20.291,20.342,20.392,20.364,20.325,20.42,20.471,20.426,20.387,20.28,20.37,20.465,20.398,20.437,20.465,20.806,21.44,22.065,22.642,22.368,21.601,21.49,21.185,21.196,21.623,21.207,21.335,22.67,23.619,21.057,20.325,22.949,24.92,23.227,23.363,25.54,26.422,25.881,23.939,23.7,25.604,26.189,26.523,25.801,24.748,25.796,27.087,27.129,26.607,27.402,28.024,27.218,25.998,26.295,26.65,27.129,27.815,28.04,27.286,26.634,26.997,27.632,27.328,27.134,27.721,26.449,26.147,27.355,28.061,26.997,25.828,25.732,26.141,26.157,26.269,26.385,26.301,25.812,25.684,25.839,25.786,25.791,25.855,25.796,25.604,25.322,25.332,25.551,25.594,25.487,25.508,25.578,25.551,25.588,25.615,25.54,25.53,26.152,26.343,26.035,25.897,25.738,25.551,25.604,25.833,25.844,25.833,25.855,25.887,25.94,25.988,25.754,25.407,25.38,25.796,26.147,26.041,25.626,25.934,26.285,25.977,26.343,26.295,25.913,25.786,25.615,25.658,25.652,25.418,25.102,25.642,25.908,25.38,26.316,27.276,26.65,25.295,25.081,26.702,27.617,26.66,27.239,26.887,25.945,25.977,27.244,28.316,28.019,27.271,27.355,27.402,27.454,27.737,28.279,28.445,27.779,26.992,26.591,27.213,27.622,27.024,26.686,27.575,27.679,25.94,23.363,25.247,26.897,24.409,24.898,27.087,26.422,22.834,22.197,22.522,22.153,21.207,22.368,23.565,24.447,24.818,21.8,20.056,20.51,20.588,20.465,20.543,20.627,20.493,20.465,20.482,20.499,20.487,20.415,20.426,20.51,20.549,20.482,20.51,20.588,20.571,20.521,20.431,20.426,20.499,20.409,20.331,20.415,20.543,20.476,20.431,20.482,20.549,20.566,20.622,20.672,20.694,20.856,20.823,20.678,20.666,20.678,20.7,20.689,20.672,20.733,20.767,20.733,20.683,20.655,20.706,20.7,20.605,20.644,20.689,20.638,20.566,20.611,20.706,20.711,20.644,20.605,20.622,20.633,20.588,20.56,20.655,20.689,20.599,20.661,20.65,20.549,20.493,20.482,20.728,20.823,20.583,20.448,20.431,20.487,20.482,20.392,20.415,20.493
20.106,20.078,20.095,20.168,20.145,20.14,20.151,20.145,20.134,20.072,20.067,20.151,20.106,20.129,20.185,20.185,20.179,20.258,20.224,20.067,20.039,20.095,20.168,20.202,20.185,20.162,20.218,20.308,20.224,20.241,20.325,20.308,20.224,20.218,20.23,20.174,20.241,20.235,20.196,20.241,20.297,20.297,20.246,20.241,20.291,20.353,20.303,20.213,20.308,20.359,20.314,20.286,20.224,20.347,20.426,20.314,20.353,20.353,20.359,20.42,20.448,20.471,20.448,20.409,20.392,20.437,20.493,20.521,20.538,20.499,21.174,22.412,23.641,23.407,21.866,20.94,20.75,21.318,21.794,21.557,20.778,20.806,22.346,23.679,22.549,22.702,23.831,24.09,25.236,25.038,24.92,25.897,24.63,22.834,23.825,26.459,26.157,25.86,25.95,25.94,26.412,27.831,27.669,25.849,26.03,27.58,28.123,27.087,26.987,27.255,27.507,27.496,27.36,26.887,26.781,27.281,28.04,27.318,26.934,28.045,27.543,26.311,26.507,27.888,27.57,26.359,25.631,25.881,26.062,26.237,26.168,25.929,25.62,25.535,25.588,25.546,25.631,25.801,25.791,25.604,25.594,25.444,25.354,25.487,25.647,25.556,25.53,25.817,26.157,26.035,25.647,25.642,26.2,26.242,25.7,25.407,25.434,25.38,25.631,26.157,26.157,25.998,25.929,26.014,26.163,26.406,26.152,25.54,25.386,25.7,25.977,25.839,25.583,25.876,26.051,25.706,26.136,26.353,26.221,26.12,25.764,25.402,25.348,25.45,25.204,25.716,26.226,25.95,25.471,26.47,27.265,26.443,25.498,26.882,27.967,26.734,26.876,27.365,26.65,25.311,26.301,27.998,28.217,27.229,27.276,27.946,28.008,27.355,27.779,28.394,28.31,27.711,27.176,27.381,27.836,27.57,26.11,26.644,27.988,27.25,23.401,23.733,26.173,25.327,23.488,25.124,26.829,24.979,23.44,22.186,21.59,21.268,21.374,21.723,23.178,24.614,22.379,20.616,20.56,20.583,20.571,20.605,20.583,20.504,20.499,20.538,20.527,20.459,20.454,20.487,20.504,20.499,20.493,20.571,20.583,20.482,20.482,20.56,20.56,20.459,20.476,20.465,20.493,20.571,20.476,20.504,20.594,20.577,20.499,20.583,20.717,20.728,20.823,20.817,20.739,20.722,20.706,20.722,20.75,20.767,20.812,20.795,20.733,20.711,20.611,20.689,20.767,20.672,20.661,20.683,20.638,20.555,20.655,20.767,20.728,20.633,20.599,20.627,20.638,20.611,20.644,20.689,20.672,20.633,20.678,20.75,20.733,20.644,20.644,20.622,20.633,20.683,20.571,20.577,20.549,20.381,20.308,20.398,20.499
20.044,20.117,20.174,20.084,20.089,20.123,20.14,20.123,20.095,20.151,20.207,20.174,20.095,20.067,20.123,20.179,20.235,20.213,20.168,20.174,20.05,20.095,20.235,20.269,20.224,20.241,20.286,20.275,20.241,20.235,20.303,20.364,20.252,20.151,20.162,20.207,20.297,20.235,20.174,20.263,20.241,20.28,20.28,20.213,20.28,20.336,20.28,20.196,20.224,20.342,20.42,20.392,20.347,20.37,20.409,20.403,20.42,20.375,20.392,20.51,20.459,20.459,20.476,20.448,20.504,20.482,20.487,20.588,20.521,20.465,21.118,22.208,23.298,22.324,20.689,20.717,20.895,21.839,22.274,21.673,21.14,20.929,22.126,23.738,23.738,23.722,23.478,23.32,26.613,25.53,22.85,23.847,23.733,23.124,24.398,26.834,26.035,25.263,26.009,27.103,27.244,27.386,26.586,25.284,25.855,27.491,28.477,28.232,27.679,27.888,28.201,27.674,26.829,26.56,27.192,27.81,28.279,27.747,27.365,27.941,27.93,26.85,26.216,26.929,27.868,26.86,25.327,25.492,25.913,25.903,25.524,25.455,25.642,25.642,25.412,25.284,25.279,25.348,25.45,25.535,25.706,25.524,25.316,25.487,25.679,25.839,26.205,26.676,26.591,26.242,25.903,25.78,25.913,26.131,26.073,25.844,25.833,25.918,26.11,26.248,26.009,26.041,26.168,26.073,26.131,26.316,26.301,26.03,25.647,25.471,25.562,25.631,25.642,25.924,26.099,26.025,26.523,26.644,26.295,26.078,26.057,25.503,25.188,25.546,25.305,25.519,26.163,26.391,25.354,25.748,26.992,27.05,25.966,26.517,27.664,27.297,26.104,27.034,27.847,26.417,25.45,26.766,28.191,27.507,26.576,27.658,28.606,27.538,27.218,27.909,28.586,28.284,27.7,27.223,27.653,28.17,26.253,26.173,27.8,27.988,25.764,24.15,25.524,27.208,24.479,23.554,25.161,25.706,24.866,22.91,21.468,21.279,21.023,21.151,22.219,23.358,23.151,21.64,20.454,20.571,20.622,20.627,20.543,20.51,20.543,20.532,20.459,20.431,20.499,20.555,20.499,20.431,20.499,20.583,20.515,20.398,20.465,20.599,20.571,20.426,20.499,20.56,20.538,20.51,20.482,20.549,20.599,20.56,20.437,20.527,20.661,20.627,20.678,20.75,20.789,20.784,20.745,20.767,20.778,20.739,20.75,20.745,20.728,20.728,20.672,20.672,20.722,20.756,20.689,20.644,20.633,20.638,20.655,20.711,20.706,20.633,20.599,20.644,20.661,20.616,20.717,20.717,20.666,20.7,20.672,20.806,20.895,20.795,20.778,20.51,20.499,20.873,20.806,20.672,20.566,20.487,20.37,20.392,20.476
20.207,20.258,20.207,20.112,20.072,20.106,20.106,20.044,20.117,20.151,20.1,20.084,20.168,20.14,20.1,20.185,20.185,20.162,20.185,20.235,20.151,20.095,20.14,20.196,20.168,20.224,20.23,20.129,20.179,20.241,20.263,20.258,20.145,20.117,20.224,20.314,20.235,20.263,20.314,20.263,20.202,20.235,20.308,20.319,20.347,20.314,20.269,20.275,20.23,20.314,20.415,20.415,20.543,20.403,20.275,20.415,20.448,20.476,20.487,20.487,20.443,20.532,20.588,20.487,20.443,20.431,20.487,20.555,20.499,20.471,20.728,21.129,21.435,21.268,20.94,21.09,21.966,22.126,21.75,21.883,22.362,21.811,22.483,24.527,23.124,21.817,22.91,24.796,25.476,24.398,23.227,23.554,23.863,23.771,24.355,25.7,26.019,25.754,26.248,27.412,27.118,26.141,25.7,26.216,27.239,27.888,27.993,28.102,27.7,27.862,28.284,28.092,27.003,26.766,27.349,27.585,28.061,28.258,27.805,27.255,27.334,26.839,26.141,26.173,27.397,26.845,25.53,25.679,25.903,25.562,25.215,25.482,25.711,25.578,25.391,25.487,25.279,25.289,25.46,25.487,25.45,25.45,25.519,25.615,25.695,26.428,27.255,27.313,26.316,25.95,26.11,25.855,25.727,26.152,26.586,26.565,26.882,27.134,26.766,26.115,25.833,25.966,26.205,26.184,26.168,26.088,26.258,26.544,26.083,25.647,25.86,26.285,25.993,25.972,26.285,26.502,27.024,26.95,26.301,25.908,25.807,25.53,25.45,25.674,25.391,25.182,25.46,25.839,25.519,25.273,25.78,26.465,26.051,25.492,26.396,27.8,26.094,25.801,27.465,28.154,26.062,26.369,28.253,28.092,25.934,26.533,28.451,28.123,27.108,27.25,28.336,28.601,27.852,26.581,27.134,28.783,27.36,26.067,26.76,27.925,27.397,26.565,26.976,27.909,26.855,24.377,23.178,23.961,24.355,23.928,22.472,21.279,21.346,21.29,22.126,23.711,24.096,22.142,20.28,20.599,20.482,20.515,20.577,20.515,20.571,20.538,20.448,20.448,20.476,20.527,20.527,20.499,20.555,20.504,20.448,20.504,20.504,20.426,20.398,20.482,20.459,20.459,20.471,20.454,20.499,20.482,20.499,20.583,20.515,20.543,20.549,20.476,20.633,20.745,20.75,20.761,20.722,20.767,20.773,20.678,20.694,20.733,20.745,20.75,20.806,20.711,20.65,20.75,20.711,20.633,20.644,20.728,20.65,20.599,20.622,20.644,20.638,20.638,20.666,20.683,20.633,20.678,20.722,20.683,20.761,20.717,20.683,20.773,20.644,20.566,20.767,21.035,20.929,20.644,20.577,20.728,20.543,20.487,20.56
20.157,20.157,20.117,20.1,20.174,20.157,20.106,20.129,20.106,20.05,20.039,20.1,20.213,20.151,20.084,20.185,20.202,20.168,20.134,20.14,20.1,20.072,20.106,20.162,20.145,20.179,20.218,20.213,20.224,20.207,20.174,20.168,20.123,20.151,20.258,20.331,20.269,20.174,20.23,20.381,20.28,20.291,20.42,20.454,20.319,20.319,20.387,20.342,20.319,20.392,20.431,20.387,20.482,20.437,20.359,20.415,20.336,20.482,20.594,20.459,20.387,20.443,20.527,20.51,20.459,20.426,20.487,20.583,20.566,20.493,20.504,20.678,21.179,21.04,21.54,22.85,22.037,22.324,22.916,22.307,21.828,21.54,22.368,23.445,22.021,23.276,24.576,23.184,23.765,24.296,23.565,22.659,24.236,24.463,23.423,23.581,25.53,27.018,27.034,26.644,25.727,25.556,26.417,27.145,27.549,27.862,27.888,27.768,27.857,27.993,28.029,27.847,26.787,27.082,27.433,26.607,27.334,27.847,26.971,25.871,26.613,27.522,26.792,25.45,26.797,27.376,26.184,25.118,25.364,25.391,25.322,25.61,25.748,25.316,25.091,25.482,25.354,25.273,25.322,25.332,25.177,25.412,26.03,26.449,26.422,26.903,26.961,26.2,25.966,25.812,25.631,25.508,25.546,26.792,27.643,27.176,27.491,27.15,26.104,25.428,25.257,25.95,26.845,27.008,26.29,26.406,26.845,26.623,27.003,26.692,26.338,26.597,25.988,25.786,26.163,26.433,26.681,26.961,26.766,26.21,25.86,25.599,25.391,25.22,25.225,25.455,25.364,24.974,25.338,25.22,25.514,26.523,26.539,25.578,25.828,27.381,26.829,25.519,26.311,28.394,26.818,26.189,27.58,28.42,26.665,25.812,26.913,27.695,26.263,26.322,27.742,28.232,28.612,27.239,26.913,28.679,28.643,26.327,25.311,27.066,27.433,27.559,27.69,27.873,28.56,25.871,22.62,22.659,23.238,23.08,22.087,21.606,22.175,21.75,21.944,23.412,22.987,21.346,20.286,20.538,20.538,20.555,20.549,20.51,20.459,20.543,20.543,20.398,20.482,20.538,20.499,20.459,20.459,20.504,20.543,20.549,20.487,20.443,20.465,20.493,20.465,20.437,20.415,20.403,20.431,20.465,20.482,20.471,20.381,20.431,20.532,20.532,20.599,20.711,20.767,20.75,20.717,20.728,20.75,20.745,20.733,20.745,20.733,20.694,20.761,20.661,20.627,20.789,20.722,20.599,20.622,20.756,20.689,20.655,20.633,20.588,20.683,20.655,20.583,20.627,20.611,20.694,20.733,20.666,20.728,20.638,20.588,20.711,20.666,20.678,20.834,20.996,21.051,20.739,20.527,20.7,20.56,20.51,20.566
20.056,20.123,20.129,20.044,20.089,20.162,20.179,20.162,20.145,20.078,20.072,20.157,20.19,20.174,20.123,20.106,20.134,20.157,20.14,20.123,20.084,20.129,20.19,20.185,20.129,20.202,20.286,20.241,20.202,20.168,20.151,20.151,20.112,20.202,20.286,20.246,20.235,20.129,20.145,20.331,20.325,20.308,20.398,20.504,20.392,20.308,20.291,20.275,20.403,20.381,20.336,20.42,20.359,20.336,20.364,20.387,20.387,20.459,20.493,20.448,20.437,20.549,20.583,20.471,20.471,20.527,20.566,20.56,20.555,20.594,20.555,20.515,20.812,21.479,22.269,22.615,21.507,21.811,22.763,22.467,21.839,21.34,22.059,23.265,23.331,23.695,23.396,22.379,22.576,24.36,24.737,23.009,23.003,22.856,23.603,25.38,27.024,27.376,25.913,24.732,25.588,26.824,27.397,27.491,27.543,27.747,27.841,27.742,28.034,27.836,27.632,27.857,27.334,27.344,27.166,26.412,26.982,26.75,26.226,26.65,27.821,27.815,26.391,25.53,26.311,26.834,25.993,24.952,25.188,26.078,26.263,25.636,25.77,25.61,25.311,25.338,25.37,25.289,25.38,25.738,26.078,26.115,26.168,26.465,26.248,26.316,26.486,26.359,26.226,26.157,25.956,25.786,26.634,27.365,27.213,26.76,26.813,26.163,25.62,25.956,26.163,26.908,27.344,26.987,26.449,26.237,26.618,27.129,28.128,27.784,26.976,27.113,26.496,25.839,25.998,26.644,27.097,26.517,25.791,25.918,25.738,26.009,26.041,25.53,25.7,25.855,25.466,24.941,25.091,25.412,25.807,26.242,27.04,26.067,25.204,26.285,27.768,26.353,25.391,27.465,27.784,26.554,26.729,28.679,27.632,25.578,25.375,26.602,24.78,25.871,28.18,28.139,28.736,28.144,27.339,27.664,28.534,27.244,25.716,26.369,27.108,27.632,27.721,27.774,28.378,25.865,22.746,22.576,22.664,22.609,22.296,22.219,23.025,22.362,21.767,22.757,23.314,22.757,21.385,20.605,20.571,20.571,20.532,20.583,20.499,20.499,20.543,20.521,20.527,20.515,20.448,20.398,20.403,20.515,20.583,20.515,20.437,20.459,20.521,20.51,20.443,20.454,20.499,20.487,20.459,20.493,20.515,20.459,20.409,20.448,20.527,20.566,20.655,20.717,20.711,20.7,20.75,20.773,20.773,20.778,20.65,20.638,20.672,20.633,20.672,20.655,20.661,20.728,20.689,20.599,20.611,20.717,20.75,20.722,20.655,20.627,20.644,20.65,20.611,20.588,20.611,20.739,20.8,20.722,20.7,20.689,20.666,20.644,20.622,20.616,20.683,20.778,20.812,20.683,20.594,20.666,20.51,20.499,20.588
20.022,20.129,20.168,20.056,20.016,20.123,20.202,20.134,20.112,20.134,20.151,20.123,20.112,20.185,20.196,20.106,20.117,20.179,20.207,20.196,20.112,20.157,20.241,20.218,20.179,20.252,20.291,20.202,20.185,20.179,20.168,20.151,20.14,20.23,20.28,20.224,20.224,20.179,20.157,20.218,20.275,20.303,20.314,20.359,20.403,20.325,20.23,20.258,20.398,20.347,20.308,20.443,20.308,20.308,20.403,20.426,20.515,20.476,20.443,20.543,20.555,20.638,20.611,20.448,20.487,20.566,20.583,20.56,20.521,20.605,20.65,20.588,20.459,21.562,22.219,21.446,21.396,21.468,21.706,21.982,21.822,21.207,22.07,24.15,25.38,23.069,21.285,23.091,22.9,23.923,24.506,23.352,22.203,22.73,25.418,27.543,27.292,26.359,25.37,24.952,26.734,27.878,27.501,27.145,27.501,27.784,27.774,27.753,27.737,27.774,27.862,27.894,27.726,27.439,27.113,26.871,26.808,26.523,27.055,28.238,28.44,27.176,26.019,26.184,25.833,25.791,25.929,25.865,25.684,26.316,26.428,25.503,25.594,25.865,25.684,25.236,25.204,25.45,25.876,26.242,26.702,26.332,25.812,25.961,25.743,25.748,26.306,26.845,26.449,26.364,26.443,26.311,27.139,26.945,26.12,26.014,25.844,25.972,26.623,27.281,27.297,27.402,27.087,26.369,26.332,26.051,26.152,26.945,27.904,28.144,27.48,26.929,26.681,26.11,26.025,26.586,26.829,25.343,24.441,25.524,25.482,26.014,26.507,26.269,26.11,25.823,25.631,25.578,25.059,25.471,25.977,25.78,26.945,26.396,25.043,25.343,27.465,27.218,25.738,26.258,28.081,27.234,26.475,28.357,28.477,26.86,25.572,25.871,24.753,26.486,28.648,28.264,28.305,28.757,28.295,27.029,27.48,27.998,27.439,26.554,26.961,27.564,27.192,26.221,26.163,24.78,22.943,22.434,22.801,22.681,22.104,22.093,23.276,22.91,21.861,22.274,23.69,24.495,22.938,20.728,20.487,20.555,20.555,20.566,20.571,20.499,20.487,20.583,20.521,20.504,20.493,20.443,20.482,20.538,20.515,20.454,20.426,20.448,20.471,20.459,20.415,20.454,20.549,20.588,20.493,20.504,20.543,20.493,20.504,20.499,20.482,20.504,20.672,20.706,20.666,20.728,20.789,20.761,20.694,20.683,20.566,20.605,20.678,20.627,20.633,20.678,20.672,20.611,20.644,20.633,20.616,20.666,20.739,20.694,20.65,20.7,20.566,20.627,20.728,20.655,20.65,20.739,20.778,20.717,20.683,20.733,20.739,20.655,20.577,20.549,20.577,20.599,20.594,20.666,20.717,20.65,20.521,20.487,20.527
20.056,20.067,20.129,20.145,20.14,20.117,20.117,20.14,20.005,20.078,20.157,20.039,20.072,20.157,20.213,20.235,20.224,20.235,20.246,20.23,20.129,20.123,20.185,20.207,20.258,20.241,20.202,20.207,20.235,20.235,20.168,20.117,20.196,20.241,20.263,20.325,20.286,20.235,20.224,20.246,20.23,20.336,20.353,20.218,20.28,20.381,20.403,20.381,20.359,20.398,20.437,20.415,20.353,20.454,20.577,20.538,20.51,20.532,20.611,20.661,20.616,20.538,20.487,20.487,20.532,20.504,20.515,20.616,20.56,20.515,20.566,20.638,20.493,20.957,21.595,21.728,21.949,21.888,21.584,21.412,21.34,21.168,22.335,24.355,25.455,23.254,21.712,23.554,23.592,23.124,22.746,22.872,23.527,25.455,26.66,26.131,25.086,25.647,27.029,27.244,27.223,27.118,26.997,26.992,27.611,27.961,27.716,27.428,27.15,27.946,28.394,27.622,27.334,27.47,27.397,26.866,26.507,27.318,28.31,28.133,26.903,26.433,26.708,26.433,25.348,25.61,26.723,26.834,26.099,25.519,25.466,25.471,25.37,25.556,25.599,25.295,25.07,25.727,26.391,26.2,26.003,25.556,25.551,26.025,26.003,26.163,26.285,26.152,26.152,26.179,26.295,26.406,26.2,26.152,26.195,26.131,26.136,27.176,28.081,27.815,27.176,26.781,26.602,26.29,26.078,26.438,26.475,25.972,26.66,27.894,27.638,26.173,26.141,26.205,26.168,26.083,25.455,24.339,24.506,25.78,25.54,25.551,26.126,26.465,25.855,25.508,25.716,25.796,25.22,25.332,25.695,25.615,26.517,26.428,25.423,25.156,26.253,27.108,26.544,25.817,27.596,27.596,26.76,27.58,28.989,28.534,26.692,26.014,26.21,27.229,28.097,28.248,28.264,29.062,28.902,27.423,27.166,27.972,28.076,27.003,26.95,28.008,26.934,23.874,24.441,24.544,22.812,21.313,22.927,22.735,21.201,21.351,23.265,23.391,22.208,22.258,22.472,23.933,23.586,21.029,20.538,20.571,20.583,20.448,20.527,20.56,20.493,20.454,20.459,20.543,20.599,20.571,20.588,20.543,20.471,20.454,20.471,20.482,20.431,20.387,20.437,20.426,20.465,20.577,20.454,20.471,20.538,20.471,20.487,20.465,20.426,20.448,20.583,20.655,20.711,20.828,20.795,20.638,20.543,20.594,20.599,20.722,20.767,20.666,20.655,20.666,20.633,20.571,20.627,20.644,20.633,20.666,20.683,20.65,20.644,20.689,20.566,20.627,20.767,20.761,20.722,20.706,20.672,20.616,20.661,20.678,20.672,20.694,20.594,20.638,20.678,20.594,20.722,20.834,20.761,20.627,20.611,20.521,20.443
20.067,20.1,20.134,20.134,20.1,20.123,20.14,20.089,20.022,19.994,20.072,20.168,20.061,20.095,20.213,20.218,20.213,20.224,20.196,20.14,20.174,20.275,20.269,20.174,20.241,20.258,20.218,20.23,20.207,20.275,20.286,20.202,20.303,20.353,20.303,20.28,20.252,20.375,20.415,20.291,20.325,20.342,20.325,20.331,20.359,20.431,20.415,20.325,20.392,20.392,20.437,20.571,20.493,20.56,20.633,20.543,20.543,20.622,20.638,20.583,20.638,20.566,20.459,20.499,20.571,20.633,20.566,20.448,20.465,20.515,20.56,20.599,20.549,20.795,21.19,21.429,21.883,22.015,21.362,20.923,23.151,22.982,21.96,23.26,25.45,23.396,21.534,23.939,24.161,22.236,22.197,25.016,25.551,25.215,25.022,25.412,25.38,26.269,27.239,27.276,27.213,26.491,26.428,27.391,27.904,28.186,27.779,27.124,27.003,27.187,27.423,27.522,27.768,27.391,26.702,26.57,27.281,27.197,27.234,28.003,26.913,26.237,26.327,26.184,25.524,25.908,26.665,26.475,25.695,25.375,25.684,25.807,25.567,25.418,25.359,25.295,25.428,26.131,26.369,25.791,25.524,25.14,25.332,26.003,25.956,25.913,26.088,26.316,26.655,26.834,26.866,26.882,26.454,26.311,26.343,26.364,27.564,28.487,28.264,27.726,27.622,27.334,26.65,26.03,25.833,26.523,26.934,26.401,25.998,26.586,27.082,26.554,26.152,25.812,25.94,26.21,25.732,24.979,25.247,26.269,26.613,25.881,25.732,26.686,25.903,25.338,25.69,26.057,25.471,25.471,25.642,25.418,26.581,26.623,25.69,25.466,25.444,26.644,26.829,25.535,26.475,27.57,27.244,26.48,28.149,28.508,27.202,26.554,26.839,27.197,27.988,29.005,28.746,28.953,28.658,27.423,26.903,27.57,27.888,27.034,26.713,28.05,27.323,24.004,24.128,23.966,22.505,21.562,24.09,24.511,22.285,21.385,23.966,24.166,22.593,22.653,22.247,22.587,23.129,22.845,21.462,20.588,20.566,20.487,20.566,20.499,20.37,20.403,20.454,20.56,20.605,20.566,20.549,20.465,20.415,20.471,20.499,20.532,20.532,20.521,20.538,20.471,20.476,20.605,20.521,20.51,20.527,20.476,20.527,20.549,20.515,20.499,20.571,20.599,20.633,20.728,20.706,20.622,20.622,20.689,20.549,20.644,20.773,20.672,20.65,20.672,20.644,20.549,20.515,20.577,20.655,20.672,20.739,20.733,20.683,20.672,20.655,20.566,20.583,20.739,20.683,20.666,20.678,20.638,20.65,20.728,20.717,20.583,20.499,20.577,20.661,20.622,20.694,20.806,20.834,20.778,20.728,20.722,20.745
19.96,20.056,20.117,19.994,20.044,20.1,20.078,20.039,20.039,20.027,20.056,20.117,20.067,20.089,20.151,20.151,20.106,20.157,20.202,20.162,20.202,20.319,20.303,20.168,20.174,20.23,20.28,20.308,20.291,20.303,20.308,20.297,20.275,20.297,20.325,20.308,20.151,20.269,20.392,20.258,20.336,20.364,20.375,20.431,20.37,20.359,20.381,20.364,20.381,20.387,20.398,20.448,20.487,20.571,20.583,20.527,20.543,20.56,20.56,20.571,20.571,20.538,20.487,20.476,20.493,20.594,20.622,20.532,20.493,20.566,20.605,20.538,20.605,20.622,20.839,21.263,21.501,21.412,21.872,22.998,24.258,22.938,21.224,22.175,25.134,24.49,22.269,22.861,23.009,23.167,24.193,25.498,25.086,23.483,23.668,25.849,26.866,27.37,27.15,26.76,26.65,26.57,26.85,27.37,27.465,28.253,28.336,27.286,27.113,27.244,27.533,27.7,27.58,26.723,26.391,27.108,27.831,27.407,26.708,26.829,26.046,25.871,26.517,26.85,26.195,25.7,25.727,25.738,25.46,25.332,25.743,26.195,25.748,25.583,25.551,25.289,25.594,25.881,25.722,25.45,25.77,25.599,25.604,26.29,26.623,27.029,27.292,27.292,27.139,27.223,27.339,27.255,27.491,27.313,27.423,28.159,28.757,28.144,27.543,28.024,27.847,26.934,26.475,27.071,28.04,28.066,27.066,26.385,25.918,26.073,26.576,26.681,26.088,26.417,27.008,26.76,26.623,26.2,26.062,26.454,27.071,26.385,25.732,26.311,25.934,25.46,25.546,25.908,25.684,25.439,25.354,25.402,25.833,26.343,26.681,26.681,25.209,26.311,27.58,26.29,25.348,26.961,27.988,26.486,27.113,28.201,28.222,27.454,27.648,26.808,27.097,29.046,28.886,28.586,28.43,28.081,27.218,26.533,26.855,27.48,26.945,27.223,26.792,25.006,24.495,24.344,23.347,22.076,23.613,25.022,23.787,21.783,23.352,24.134,22.889,21.8,22.307,22.01,21.999,22.921,21.756,20.638,20.459,20.543,20.499,20.487,20.454,20.392,20.454,20.51,20.51,20.499,20.426,20.459,20.487,20.42,20.482,20.515,20.493,20.493,20.459,20.476,20.532,20.555,20.515,20.454,20.499,20.611,20.549,20.504,20.51,20.515,20.532,20.543,20.605,20.689,20.683,20.65,20.7,20.806,20.661,20.655,20.717,20.661,20.583,20.717,20.761,20.566,20.622,20.661,20.638,20.644,20.694,20.7,20.706,20.756,20.694,20.616,20.627,20.7,20.706,20.689,20.678,20.678,20.678,20.722,20.678,20.571,20.605,20.56,20.56,20.683,20.611,20.873,21.068,20.856,20.683,20.661,20.728
20.027,20.05,20.061,19.966,20.05,20.067,20.039,20.084,20.027,20.112,20.168,20.072,20.129,20.14,20.123,20.151,20.112,20.157,20.246,20.275,20.213,20.241,20.269,20.202,20.14,20.224,20.331,20.325,20.342,20.331,20.291,20.263,20.185,20.258,20.359,20.308,20.123,20.151,20.269,20.241,20.308,20.381,20.409,20.403,20.347,20.303,20.364,20.465,20.403,20.398,20.392,20.359,20.471,20.521,20.499,20.532,20.549,20.482,20.487,20.611,20.51,20.493,20.515,20.471,20.437,20.532,20.644,20.633,20.571,20.611,20.622,20.521,20.588,20.527,20.666,21.096,21.218,21.933,23.113,23.76,23.118,22.214,21.59,21.59,23.874,25.059,23.478,21.828,22.992,25.428,25.396,23.173,23.396,23.641,24.764,26.702,27.59,27.465,26.866,26.776,26.818,27.307,27.46,27.055,26.982,27.878,28.373,27.721,27.276,27.841,28.29,27.674,27.187,26.613,26.845,27.643,27.768,27.454,26.507,25.599,25.626,26.396,27.097,27.087,26.549,25.626,25.129,25.252,25.519,25.412,25.551,26.126,25.658,25.663,25.775,25.412,25.556,25.716,25.807,25.956,26.311,26.359,26.385,26.755,27.066,27.47,27.706,27.653,27.344,27.15,27.265,27.496,28.014,27.888,28.087,28.969,28.539,27.821,27.852,28.279,27.538,26.708,27.244,28.534,29.232,28.201,26.692,26.539,26.718,26.581,26.681,27.234,26.813,27.328,27.742,27.071,26.86,26.681,26.56,26.528,26.576,26.639,26.248,25.663,25.956,25.77,25.327,25.37,25.642,25.273,25.022,25.46,25.209,25.998,27.092,27.087,25.823,26.205,27.522,27.407,25.647,26.12,27.7,27.549,27.113,27.826,28.627,28.253,27.899,26.776,26.591,27.794,28.601,28.658,28.513,28.715,27.904,26.623,26.771,27.93,27.208,26.507,26.237,25.945,25.61,25.663,24.544,22.467,21.778,24.333,25.567,23.173,22.076,22.867,23.276,21.971,22.318,21.888,21.617,22.329,22.098,21.096,20.42,20.577,20.415,20.515,20.599,20.42,20.443,20.471,20.465,20.465,20.437,20.527,20.538,20.415,20.448,20.487,20.431,20.353,20.353,20.465,20.515,20.443,20.482,20.431,20.465,20.622,20.521,20.426,20.459,20.527,20.499,20.515,20.605,20.683,20.689,20.661,20.706,20.795,20.733,20.666,20.672,20.683,20.543,20.672,20.778,20.627,20.717,20.722,20.644,20.622,20.605,20.599,20.661,20.756,20.683,20.717,20.733,20.644,20.694,20.728,20.706,20.694,20.672,20.7,20.7,20.65,20.661,20.599,20.594,20.683,20.566,20.795,20.979,20.767,20.583,20.532,20.583
20.28,20.151,20.027,20.112,20.106,20.067,20.095,20.185,20.016,20.095,20.269,20.224,20.213,20.168,20.162,20.224,20.258,20.252,20.263,20.297,20.23,20.246,20.28,20.23,20.185,20.269,20.331,20.263,20.246,20.359,20.359,20.196,20.207,20.375,20.403,20.235,20.19,20.252,20.319,20.325,20.353,20.359,20.347,20.364,20.398,20.364,20.381,20.493,20.51,20.431,20.431,20.566,20.583,20.527,20.504,20.566,20.594,20.538,20.515,20.583,20.549,20.527,20.515,20.51,20.493,20.633,20.661,20.487,20.543,20.605,20.583,20.555,20.543,20.56,20.605,20.761,21.246,23.456,23.749,21.446,21.761,23.074,22.817,21.29,22.274,24.204,24.074,22.576,25,26.375,24.015,21.357,23.548,25.913,26.523,26.554,27.024,26.734,26.56,27.25,27.794,27.674,27.166,27.076,27.213,27.439,27.69,27.847,27.318,27.8,28.087,27.26,27.36,27.37,27.223,27.234,27.596,26.95,25.786,25.556,26.591,27.543,27.108,26.147,26.396,26.184,25.455,25.134,25.471,25.562,25.556,25.77,25.498,25.434,25.583,25.626,25.69,26.226,26.781,26.818,26.417,26.475,26.876,26.913,26.57,26.237,26.496,27.076,27.47,27.082,26.987,27.726,27.611,27.638,27.847,27.956,28.092,29.046,29.17,27.972,27.349,27.883,28.86,28.85,27.559,26.359,26.639,27.533,27.747,26.992,27.087,28.378,28.113,27.412,26.992,26.903,26.396,26.406,26.85,26.929,26.285,26.644,26.644,25.503,25.982,25.908,25.231,25.032,25.487,25.279,24.974,25.37,25.514,26.067,26.422,26.253,26.459,26.03,26.406,27.648,26.681,25.663,26.539,28.123,27.706,27.501,28.196,28.71,27.622,27.202,27.045,26.523,28.347,29.088,28.606,28.627,28.305,27.862,27.763,27.815,26.94,26.623,26.676,26.364,26.591,26.475,24.909,22.872,21.146,24.441,27.134,24.667,21.877,21.7,23.662,24.053,22.296,21.313,22.197,23.042,23.02,21.717,20.549,20.599,20.443,20.499,20.566,20.459,20.448,20.499,20.527,20.51,20.583,20.543,20.482,20.521,20.454,20.515,20.515,20.364,20.437,20.493,20.437,20.392,20.504,20.515,20.443,20.459,20.499,20.487,20.493,20.566,20.504,20.515,20.594,20.622,20.622,20.644,20.689,20.711,20.622,20.605,20.689,20.739,20.599,20.56,20.65,20.689,20.599,20.644,20.711,20.65,20.599,20.616,20.644,20.627,20.689,20.717,20.655,20.599,20.622,20.717,20.767,20.711,20.622,20.745,20.834,20.683,20.51,20.611,20.739,20.627,20.588,20.515,20.549,20.683,20.616,20.633,20.7
20.106,20.078,20.039,20.089,20.123,20.061,20.078,20.196,20.005,20.044,20.218,20.218,20.207,20.185,20.224,20.286,20.235,20.235,20.246,20.207,20.112,20.258,20.387,20.275,20.246,20.258,20.291,20.297,20.213,20.246,20.331,20.314,20.275,20.286,20.303,20.263,20.145,20.224,20.381,20.37,20.202,20.246,20.387,20.37,20.353,20.364,20.426,20.493,20.521,20.476,20.476,20.549,20.471,20.521,20.588,20.543,20.583,20.583,20.532,20.521,20.571,20.594,20.527,20.465,20.437,20.627,20.666,20.448,20.538,20.487,20.454,20.605,20.588,20.538,20.532,20.683,21.34,22.225,22.048,21.346,22.9,23.749,22.949,22.093,21.545,22.565,24.436,25.198,24.377,24.689,24.144,22.186,24.009,26.554,26.602,25.193,26.65,26.866,26.47,27.265,27.941,27.229,26.56,27.234,27.349,27.501,27.758,27.909,27.564,27.48,27.292,26.824,27.166,27.486,27.05,26.406,26.982,26.544,26.131,26.887,27.181,26.839,26.179,26.003,26.792,26.285,25.188,25.193,25.402,25.636,25.706,25.668,25.455,25.444,25.594,25.668,25.833,26.242,26.781,27.071,26.708,26.391,26.295,26.173,25.732,26.428,27.507,27.643,27.507,26.576,26.528,27.627,27.25,27.852,29,29.381,30.095,29.459,27.878,27.286,28.238,29.849,29.716,28.05,27.045,27.344,28.352,28.669,28.953,28.061,27.716,28.715,28.622,27.617,26.734,26.681,26.391,26.237,26.86,27.606,26.65,26.422,26.465,25.78,25.743,25.78,25.487,25.102,25.407,25.471,25.091,24.877,25.257,25.86,26.242,26.338,26.475,25.828,25.892,26.987,26.565,25.386,25.993,28.014,27.59,27.988,29.051,29.18,28.248,27.318,26.412,25.77,27.653,28.783,28.513,28.44,28.71,27.878,26.95,26.976,25.913,26.359,27.066,26.343,25.706,25.961,25.61,24.004,22.351,25.3,27.202,24.096,22.258,21.374,23.184,25.332,23.014,21.999,22.702,22.489,22.236,21.368,20.594,20.515,20.476,20.515,20.521,20.476,20.51,20.465,20.482,20.594,20.476,20.443,20.532,20.571,20.448,20.448,20.504,20.476,20.583,20.56,20.454,20.443,20.482,20.471,20.437,20.471,20.549,20.504,20.42,20.454,20.471,20.51,20.583,20.661,20.655,20.588,20.594,20.689,20.739,20.633,20.605,20.75,20.644,20.633,20.7,20.7,20.65,20.672,20.694,20.638,20.588,20.694,20.739,20.611,20.549,20.633,20.728,20.694,20.666,20.689,20.711,20.689,20.644,20.706,20.75,20.689,20.616,20.583,20.571,20.56,20.549,20.431,20.482,20.717,20.655,20.577,20.566
20.14,20.112,20.027,20.072,20.157,20.134,20.129,20.224,20.112,20.179,20.241,20.134,20.174,20.23,20.252,20.258,20.19,20.202,20.218,20.162,20.151,20.258,20.297,20.213,20.252,20.297,20.325,20.342,20.252,20.297,20.37,20.319,20.286,20.246,20.258,20.297,20.207,20.263,20.37,20.347,20.269,20.28,20.364,20.42,20.499,20.42,20.364,20.493,20.549,20.566,20.56,20.566,20.476,20.56,20.633,20.532,20.527,20.555,20.555,20.521,20.527,20.521,20.515,20.532,20.471,20.56,20.638,20.555,20.515,20.571,20.611,20.56,20.566,20.566,20.555,20.599,21.018,20.923,20.728,21.135,22.07,22.318,21.806,21.485,20.499,22.329,24.791,24.56,22.115,22.796,25.15,25.134,24.441,25.982,26.655,24.872,26.348,27.223,26.375,25.69,27.029,27.003,26.465,27.139,26.924,27.428,27.674,27.018,27.15,26.897,26.797,27.292,27.554,27.465,26.918,26.475,26.702,27.145,27.139,26.755,26.628,26.486,26.401,26.391,26.322,25.599,25.049,25.284,25.482,25.636,25.631,25.562,25.482,25.364,25.535,26.019,26.908,26.586,26.12,26.718,26.718,26.2,25.849,26.104,26.295,27.26,28.034,27.836,27.234,26.824,26.992,27.428,28.295,29.531,29.68,28.881,29.18,28.248,27.606,28.596,29.531,29.726,28.865,28.196,28.637,29.428,29.495,29.072,29.962,29.196,27.794,27.779,27.611,27.124,26.718,26.723,26.792,26.131,26.454,27.909,27.522,26.713,26.295,26.205,25.631,25.695,25.812,25.332,25.273,25.46,25.663,25.759,26.21,26.126,25.674,25.594,25.743,25.716,25.828,26.221,26.428,25.439,25.78,27.821,27.208,27.679,28.912,29.103,28.995,27.695,26.253,26.046,26.781,28.388,28.86,27.988,28.029,27.59,27.124,27.181,26.997,26.491,26.088,26.019,25.716,25.668,25.091,24.107,24.479,25.743,25.198,23.036,23.309,22.439,22.39,24.101,23.548,22.39,22.302,23.107,23.342,22.489,21.146,20.543,20.459,20.571,20.566,20.437,20.487,20.476,20.465,20.538,20.431,20.42,20.521,20.56,20.465,20.448,20.493,20.499,20.56,20.527,20.482,20.515,20.482,20.499,20.51,20.482,20.487,20.51,20.482,20.443,20.482,20.487,20.476,20.521,20.694,20.717,20.672,20.745,20.722,20.722,20.739,20.717,20.672,20.611,20.644,20.745,20.728,20.7,20.655,20.616,20.65,20.7,20.722,20.711,20.577,20.605,20.745,20.773,20.733,20.694,20.7,20.728,20.75,20.733,20.706,20.711,20.7,20.51,20.443,20.616,20.499,20.499,20.627,20.678,20.666,20.527,20.415
20.179,20.123,20.05,20.112,20.145,20.207,20.218,20.19,20.179,20.286,20.291,20.14,20.179,20.218,20.213,20.207,20.218,20.246,20.218,20.168,20.218,20.263,20.224,20.19,20.263,20.359,20.37,20.331,20.347,20.398,20.364,20.269,20.258,20.263,20.28,20.308,20.297,20.37,20.398,20.347,20.437,20.471,20.448,20.482,20.616,20.493,20.381,20.527,20.521,20.549,20.583,20.571,20.532,20.532,20.571,20.588,20.515,20.555,20.616,20.566,20.504,20.487,20.543,20.588,20.499,20.476,20.577,20.644,20.555,20.661,20.706,20.521,20.555,20.577,20.571,20.599,20.594,20.666,21.023,21.412,21.246,21.079,21.068,21.14,21.274,23.145,23.977,22.554,21.955,23.592,26.216,26.961,24.258,25.043,27.076,26.126,26.258,26.818,26.258,25.043,26.65,27.57,27.15,26.918,26.76,27.433,27.433,26.359,26.581,26.824,27.244,27.868,27.789,27.349,26.982,26.934,26.929,27.344,27.15,26.253,26.147,26.449,26.676,26.47,25.61,25.193,25.343,25.375,25.476,25.535,25.482,25.45,25.716,25.62,25.668,26.285,27.302,26.586,25.599,26.21,26.686,26.29,26.046,26.839,27.742,28.139,27.7,27.292,27.423,27.868,28.061,28.175,30.126,30.529,28.907,27.831,27.909,28.679,29.767,30.442,30.131,28.964,28.627,29.505,30.028,29.916,29.051,28.466,29.438,29.02,27.397,26.676,26.597,26.839,27.124,27.271,27.522,26.65,26.285,27.344,27.868,27.276,26.475,26.47,25.881,25.78,25.86,25.551,25.444,25.487,26.237,27.187,27.118,26.195,25.177,24.941,25.578,26.279,26.078,25.54,26.343,26.141,26.104,27.255,27.517,27.061,27.082,27.988,28.72,28.196,27.313,27.355,26.781,27.821,28.622,27.711,27.59,27.549,27.726,28.055,28.487,26.866,25.022,25.252,26.301,26.401,24.732,23.51,26.163,25.7,22.774,22.192,23.7,23.32,21.778,21.855,22.807,21.933,21.374,22.932,23.63,23.782,22.527,20.862,20.499,20.532,20.56,20.471,20.471,20.493,20.493,20.487,20.493,20.476,20.482,20.521,20.51,20.521,20.504,20.459,20.409,20.431,20.487,20.504,20.515,20.538,20.527,20.487,20.443,20.482,20.538,20.532,20.499,20.471,20.448,20.465,20.655,20.8,20.795,20.75,20.633,20.773,20.856,20.666,20.655,20.616,20.638,20.761,20.745,20.7,20.65,20.622,20.711,20.672,20.644,20.75,20.694,20.678,20.711,20.722,20.75,20.717,20.722,20.8,20.789,20.778,20.761,20.733,20.678,20.555,20.549,20.672,20.555,20.627,20.717,20.616,20.655,20.577,20.482
20.011,20.027,20.112,20.145,20.089,20.196,20.241,20.106,20.134,20.23,20.275,20.246,20.207,20.174,20.179,20.224,20.286,20.331,20.258,20.157,20.157,20.28,20.359,20.308,20.336,20.387,20.364,20.303,20.387,20.353,20.286,20.331,20.286,20.263,20.291,20.325,20.297,20.437,20.527,20.426,20.437,20.594,20.65,20.527,20.521,20.515,20.532,20.566,20.454,20.448,20.51,20.499,20.476,20.437,20.515,20.672,20.588,20.616,20.661,20.577,20.56,20.622,20.616,20.521,20.448,20.448,20.527,20.594,20.611,20.538,20.51,20.594,20.638,20.543,20.532,20.683,20.543,20.75,21.496,22.197,22.615,22.037,21.634,22.362,23.537,23.178,22.39,23.042,24.155,25.418,26.195,26.232,24.031,25.102,27.407,26.94,26.147,25.908,26.258,26.502,27.444,28.159,27.716,26.955,27.328,27.653,27.307,26.803,26.65,27.265,27.826,27.632,27.276,27.145,27.05,26.776,27.018,26.401,26.21,27.061,26.655,25.988,25.796,25.945,25.647,25.636,25.695,25.482,25.322,25.45,25.519,25.418,26.067,26.21,25.977,26.11,26.401,26.046,25.7,26.104,26.918,26.676,26.401,27.271,28.274,28.529,27.617,26.95,28.212,28.762,28.772,29.49,30.753,29.603,28.029,28.762,29.592,31.397,31.902,30.667,30.121,29.89,30.146,30.345,29.608,28.958,28.513,28.05,28.097,27.956,27.328,26.776,27.013,27.381,27.638,27.826,28.05,27.48,26.676,26.639,27.46,27.48,26.797,26.56,26.216,25.865,25.727,25.759,25.844,25.706,26.348,27.454,26.713,25.647,25.166,25.289,26.221,27.003,26.2,24.952,26.163,26.95,26.549,26.412,28.31,27.265,25.54,26.676,27.779,28.404,28.399,28.326,27.501,27.286,27.721,27.914,28.373,27.81,27.486,28.201,27.993,26.887,25.348,24.635,26.094,27.197,25.599,23.537,26.686,25.823,22.148,21.673,22.949,22.872,21.634,21.396,21.673,21.496,21.04,21.079,21.49,23.472,23.711,21.429,20.689,20.387,20.465,20.594,20.521,20.476,20.521,20.566,20.515,20.493,20.521,20.532,20.543,20.543,20.521,20.493,20.37,20.42,20.504,20.448,20.543,20.515,20.459,20.521,20.521,20.459,20.459,20.555,20.499,20.482,20.56,20.633,20.583,20.672,20.739,20.661,20.672,20.75,20.745,20.661,20.655,20.761,20.8,20.722,20.722,20.7,20.661,20.655,20.689,20.694,20.666,20.672,20.689,20.75,20.739,20.666,20.756,20.728,20.706,20.817,20.745,20.767,20.8,20.728,20.672,20.7,20.7,20.622,20.683,20.683,20.627,20.633,20.65,20.666,20.666
20.089,20.14,20.162,20.084,20.174,20.117,20.033,20.117,20.179,20.258,20.246,20.168,20.162,20.168,20.162,20.185,20.331,20.364,20.252,20.202,20.207,20.218,20.235,20.275,20.308,20.331,20.336,20.353,20.308,20.375,20.403,20.308,20.353,20.275,20.263,20.426,20.381,20.504,20.577,20.437,20.42,20.543,20.599,20.51,20.499,20.493,20.476,20.465,20.476,20.471,20.42,20.387,20.504,20.476,20.482,20.644,20.588,20.521,20.51,20.538,20.555,20.616,20.599,20.493,20.459,20.499,20.538,20.521,20.532,20.532,20.56,20.616,20.599,20.527,20.51,20.566,20.493,20.655,20.895,21.101,22.302,22.115,21.49,22.214,23.793,23.014,21.656,22.489,23.744,23.695,23.499,24.614,25.439,27.208,27.486,25.865,25.236,25.599,26.66,27.318,27.386,27.638,27.695,27.407,27.732,27.423,26.961,27.103,27.029,27.234,27.507,27.407,26.528,26.586,27.223,27.113,26.322,26.348,27.029,27.061,26.067,25.53,25.647,25.604,25.54,25.615,25.652,25.54,25.524,25.546,25.53,25.604,26.406,26.554,25.881,25.54,26.115,26.104,25.743,26.019,27.155,27.129,26.713,27.36,28.128,28.222,27.7,27.669,28.736,30.064,30.529,30.172,29.191,28.191,28.648,29.952,30.407,31.887,32.269,30.875,30.57,30.391,30.315,30.376,30.661,30.233,29.335,28.741,27.46,27.071,27.564,27.674,27.465,27.836,28.144,27.831,27.941,27.862,27.139,26.443,27.192,27.465,26.945,26.591,26.385,25.796,25.711,26.253,25.711,25.482,26.195,26.882,26.316,25.284,24.861,25.182,25.567,26.417,26.12,24.979,26.269,27.365,26.718,25.865,28.097,27.988,25.972,25.748,27.255,28.279,28.186,28.097,28.102,27.941,28.196,28.85,29.041,28.352,27.92,28.222,27.05,26.173,25.86,25.588,26.126,27.013,25.754,23.429,25.807,25.881,23.042,21.435,21.396,22.467,22.56,21.451,22.148,21.839,20.828,20.789,21.606,22.724,23.216,22.861,21.007,20.168,20.566,20.566,20.476,20.555,20.633,20.543,20.454,20.515,20.588,20.538,20.527,20.504,20.465,20.443,20.359,20.482,20.566,20.443,20.443,20.515,20.543,20.499,20.499,20.51,20.499,20.482,20.499,20.527,20.538,20.549,20.56,20.611,20.627,20.594,20.638,20.717,20.756,20.756,20.739,20.733,20.711,20.678,20.8,20.694,20.583,20.706,20.655,20.661,20.717,20.717,20.622,20.733,20.862,20.789,20.767,20.728,20.728,20.767,20.717,20.706,20.717,20.7,20.711,20.666,20.577,20.543,20.627,20.588,20.538,20.627,20.65,20.65,20.633
20.19,20.218,20.145,20.129,20.14,20.1,20.084,20.151,20.151,20.202,20.263,20.275,20.269,20.224,20.213,20.252,20.291,20.246,20.23,20.297,20.269,20.213,20.224,20.291,20.235,20.291,20.364,20.325,20.28,20.347,20.398,20.342,20.37,20.319,20.353,20.515,20.476,20.504,20.521,20.454,20.465,20.504,20.521,20.532,20.577,20.555,20.499,20.51,20.527,20.482,20.454,20.504,20.521,20.51,20.538,20.627,20.638,20.543,20.493,20.566,20.521,20.588,20.616,20.527,20.515,20.549,20.555,20.521,20.527,20.504,20.51,20.566,20.588,20.577,20.532,20.527,20.594,20.644,20.767,21.318,23.95,23.955,21.756,21.346,23.559,23.57,22.274,22.839,24.382,23.559,22.037,22.85,24.829,26.035,25.801,25.594,25.855,26.544,27.155,27.323,27.229,27.433,27.433,27.05,27.533,27.166,26.929,27.596,27.05,27.066,27.627,27.716,27.045,26.924,27.15,26.929,26.639,26.549,26.486,26.248,26.126,25.982,25.711,25.444,25.53,25.567,25.503,25.498,25.503,25.876,26.025,25.759,26.057,26.051,25.652,25.492,26.083,26.274,26.057,26.232,27.097,27.648,27.402,27.15,27.648,28.513,28.601,28.196,29.551,30.095,29.196,28.414,28.024,28.383,29.675,30.895,31.463,31.816,31.559,30.982,31.098,29.777,28.845,29.849,31.336,30.824,28.995,28.331,27.575,27.407,28.17,28.803,27.956,27.554,27.982,28.227,27.993,28.05,27.465,26.316,26.845,28.081,27.847,26.353,26.375,25.812,25.652,26.454,26.306,25.594,25.631,26.406,25.887,25.348,25.386,25.54,24.791,25.743,26.48,25.434,25.418,26.21,26.338,25.764,27.643,28.56,26.945,25.3,26.618,27.575,27.648,27.878,27.549,28.029,28.979,29.186,28.414,27.59,27.381,27.339,26.406,26.332,26.533,26.009,25.876,26.523,25.817,23.749,23.879,24.818,24.02,21.8,21.429,21.982,22.153,21.601,21.888,22.104,21.789,21.39,21.557,21.457,22.291,23.597,21.617,20.359,20.549,20.499,20.51,20.599,20.627,20.555,20.487,20.521,20.571,20.538,20.527,20.482,20.448,20.448,20.398,20.437,20.521,20.549,20.594,20.51,20.476,20.583,20.504,20.577,20.555,20.359,20.504,20.577,20.527,20.532,20.588,20.599,20.588,20.633,20.694,20.733,20.745,20.756,20.795,20.633,20.51,20.633,20.795,20.773,20.661,20.661,20.594,20.661,20.784,20.795,20.706,20.706,20.784,20.8,20.839,20.8,20.745,20.773,20.739,20.828,20.806,20.622,20.666,20.588,20.521,20.627,20.672,20.666,20.689,20.756,20.711,20.661,20.644
20.185,20.174,20.123,20.174,20.078,20.14,20.246,20.213,20.151,20.162,20.275,20.364,20.331,20.241,20.23,20.303,20.19,20.145,20.235,20.314,20.263,20.252,20.303,20.325,20.224,20.308,20.381,20.275,20.347,20.37,20.342,20.359,20.387,20.398,20.431,20.493,20.431,20.482,20.538,20.493,20.515,20.549,20.543,20.527,20.599,20.549,20.499,20.588,20.549,20.487,20.521,20.605,20.521,20.482,20.555,20.633,20.638,20.627,20.594,20.555,20.521,20.571,20.605,20.549,20.56,20.56,20.543,20.543,20.555,20.504,20.471,20.521,20.56,20.599,20.605,20.594,20.661,20.605,20.979,22.015,24.328,24.058,22.104,22.032,23.809,24.215,23.124,22.954,24.517,25.156,23.613,22.225,24.036,24.657,24.554,25.594,26.035,26.771,26.992,26.591,26.903,27.433,27.439,27.045,27.213,27.181,27.271,27.601,27.092,27.281,27.784,27.664,27.376,27.034,26.65,26.396,27.139,26.454,25.439,25.865,26.644,26.449,25.647,25.508,25.615,25.583,25.492,25.556,25.444,25.876,26.163,25.801,25.519,25.604,25.86,25.929,26.147,26.348,26.443,26.57,26.887,27.658,27.726,27.092,27.59,29.093,29.33,28.139,28.876,28.529,27.627,27.878,28.948,29.371,29.998,31.347,31.443,30.824,30.57,30.961,30.997,29.711,28.658,29.15,30.09,29.608,28.544,28.612,28.772,28.394,28.513,29.258,28.159,27.076,27.423,28.227,27.543,27.664,27.632,26.639,26.565,28.081,28.17,26.115,26.12,25.961,25.775,26.11,26.86,26.041,25.188,25.839,25.61,25.855,26.205,25.95,24.893,25.386,26.57,26.396,25.059,24.984,25.988,26.348,26.85,27.909,27.543,25.913,26.2,27.045,27.716,27.935,27.381,28.097,28.71,27.81,26.692,26.195,26.576,26.882,26.971,26.507,26.2,26.343,25.498,25.14,25.156,24.651,23.042,23.874,24.624,22.872,22.054,21.662,21.806,21.966,21.407,21.822,22.307,21.772,21.257,21.112,21.999,22.938,22.274,21.096,20.465,20.487,20.549,20.594,20.549,20.499,20.499,20.527,20.515,20.476,20.504,20.499,20.459,20.459,20.437,20.375,20.415,20.56,20.666,20.515,20.443,20.638,20.515,20.543,20.543,20.381,20.527,20.56,20.499,20.543,20.588,20.588,20.588,20.638,20.694,20.739,20.722,20.689,20.756,20.611,20.515,20.666,20.694,20.761,20.745,20.638,20.627,20.711,20.778,20.756,20.789,20.717,20.672,20.761,20.812,20.795,20.773,20.8,20.75,20.851,20.828,20.605,20.65,20.627,20.616,20.728,20.739,20.789,20.817,20.778,20.694,20.689,20.722
20.145,20.134,20.145,20.117,20.14,20.157,20.202,20.28,20.23,20.207,20.235,20.246,20.241,20.196,20.196,20.252,20.168,20.213,20.286,20.235,20.218,20.246,20.286,20.297,20.291,20.314,20.325,20.319,20.409,20.465,20.392,20.319,20.431,20.437,20.392,20.437,20.342,20.521,20.661,20.51,20.499,20.611,20.616,20.482,20.538,20.459,20.409,20.543,20.56,20.532,20.499,20.499,20.538,20.476,20.487,20.627,20.571,20.611,20.605,20.482,20.566,20.577,20.521,20.527,20.571,20.571,20.532,20.527,20.532,20.571,20.583,20.555,20.487,20.549,20.638,20.616,20.599,20.504,20.795,21.424,21.833,21.59,22.313,24.08,24.436,24.015,22.916,22.192,23.205,25.572,25.161,22.549,25.215,26.359,25.3,24.979,24.662,25.647,26.417,25.956,26.38,27.082,27.695,27.956,27.349,27.37,27.543,27.171,27.528,27.721,27.328,26.797,26.406,26.184,26.147,26.173,26.628,26.088,25.679,26.364,26.591,26.019,25.439,25.583,25.7,25.62,25.599,25.786,25.652,25.53,25.652,25.839,25.562,25.929,26.327,26.094,26.136,26.327,26.597,26.808,26.903,27.244,27.507,27.543,28.014,29.057,29.108,27.988,27.055,27.491,29.186,30.279,30.35,29.299,29.685,31.508,30.386,29.567,30.192,30.911,30.651,30.972,30.447,28.746,28.258,28.373,29.351,30.315,29.998,28.762,28.44,29.186,28.274,27.328,27.281,27.528,26.708,27.139,27.841,27.302,26.47,27.087,27.402,26.147,25.823,26.025,26.051,25.743,26.507,26.364,25.391,25.059,25.476,26.147,26.274,25.924,25.583,25.225,26.11,27.433,26.067,25.215,26.104,26.992,26.062,26.718,27.653,26.94,26.242,27.076,28.149,27.967,28.357,28.554,27.596,26.189,25.679,25.833,26.697,27.475,27.779,25.966,25.327,26.987,25.134,23.603,24.382,25.492,23.879,24.063,24.855,23.695,21.64,21.689,22.817,22.401,21.717,21.407,21.551,21.573,21.401,21.717,22.12,22.142,22.785,21.844,20.493,20.538,20.51,20.599,20.566,20.398,20.42,20.538,20.521,20.392,20.471,20.515,20.465,20.431,20.448,20.415,20.398,20.443,20.465,20.549,20.599,20.566,20.482,20.459,20.493,20.521,20.555,20.515,20.465,20.493,20.532,20.549,20.532,20.538,20.583,20.683,20.728,20.694,20.689,20.694,20.722,20.75,20.655,20.611,20.661,20.711,20.745,20.767,20.717,20.655,20.728,20.739,20.745,20.812,20.666,20.689,20.812,20.8,20.739,20.672,20.661,20.683,20.728,20.739,20.711,20.7,20.706,20.739,20.711,20.627,20.599,20.689,20.767
20.224,20.185,20.151,20.14,20.185,20.123,20.106,20.213,20.179,20.174,20.213,20.235,20.263,20.28,20.252,20.218,20.213,20.235,20.241,20.218,20.23,20.196,20.196,20.275,20.336,20.291,20.28,20.398,20.454,20.471,20.415,20.359,20.426,20.387,20.359,20.454,20.426,20.51,20.538,20.431,20.51,20.599,20.599,20.566,20.538,20.515,20.543,20.605,20.666,20.527,20.465,20.633,20.577,20.51,20.51,20.543,20.555,20.588,20.588,20.549,20.599,20.571,20.515,20.527,20.51,20.555,20.566,20.527,20.56,20.543,20.532,20.577,20.454,20.493,20.594,20.555,20.566,20.622,20.683,20.778,20.929,22.593,24.393,24.694,24.517,23.025,22.142,22.998,24.296,24.893,24.193,23.679,25.091,25.418,25.418,26.332,25.62,26.327,26.316,24.56,25.316,26.723,27.543,27.658,27.365,27.575,27.81,27.522,27.585,27.517,26.76,25.892,26.258,26.412,25.988,25.711,26.141,26.062,25.801,26.014,25.95,25.7,25.524,25.578,25.748,25.562,25.599,26.088,25.95,25.679,25.706,25.903,25.668,25.801,26.078,26.035,26.067,25.988,26.517,27.397,26.992,26.803,27.847,29.026,28.336,28.58,28.549,27.265,26.834,28.7,30.824,30.977,30.85,29.849,29.459,30.095,29.644,29.454,30.064,30.824,31.564,31.448,29.859,28.253,28.024,28.788,29.613,29.834,30.575,29.726,28.824,29.392,29.139,28.316,27.454,27.118,27.103,27.57,27.956,27.753,26.57,26.95,27.307,26.025,25.322,25.732,26.078,25.535,25.764,26.945,26.739,25.032,25.396,25.599,25.642,26.057,26.454,25.674,26.338,28.513,26.787,25.113,25.855,27.223,26.253,26.242,27.528,28.102,26.708,26.586,27.862,28.336,27.888,26.913,26.311,26.295,25.934,26.126,26.839,27.276,27.208,26.997,26.406,25.45,23.51,24.193,26.253,26.369,25.471,23.635,22.768,23.189,22.708,22.768,22.719,21.96,21.329,21.107,21.789,22.538,22.203,21.534,21.351,21.855,23.738,22.67,20.42,20.538,20.515,20.588,20.56,20.437,20.454,20.543,20.521,20.403,20.471,20.515,20.504,20.499,20.465,20.403,20.42,20.51,20.476,20.566,20.599,20.476,20.459,20.521,20.555,20.527,20.538,20.538,20.555,20.577,20.51,20.555,20.594,20.538,20.599,20.644,20.65,20.683,20.706,20.661,20.65,20.711,20.678,20.633,20.616,20.644,20.756,20.739,20.683,20.739,20.745,20.694,20.672,20.694,20.616,20.605,20.711,20.806,20.728,20.722,20.773,20.75,20.694,20.678,20.711,20.728,20.683,20.689,20.683,20.638,20.672,20.672,20.65
20.207,20.218,20.218,20.202,20.117,20.162,20.263,20.252,20.162,20.174,20.252,20.269,20.224,20.275,20.325,20.275,20.246,20.275,20.314,20.314,20.353,20.325,20.275,20.303,20.336,20.375,20.387,20.387,20.448,20.465,20.454,20.487,20.476,20.387,20.409,20.555,20.527,20.504,20.487,20.459,20.487,20.577,20.588,20.527,20.521,20.583,20.594,20.543,20.661,20.605,20.51,20.583,20.583,20.543,20.521,20.555,20.588,20.583,20.555,20.56,20.666,20.583,20.476,20.555,20.532,20.538,20.543,20.51,20.538,20.566,20.588,20.616,20.56,20.549,20.577,20.583,20.594,20.611,20.532,20.493,20.806,22.241,23.771,24.107,23.189,22.241,23.134,24.727,24.247,22.697,23.227,25.53,25.198,24.393,25.348,27.255,26.966,27.302,26.565,24.56,25.61,27.129,27.307,26.729,27.124,27.779,27.805,27.276,26.924,26.739,26.369,25.881,26.263,26.343,26.003,25.855,25.844,26.375,26.343,25.535,25.471,25.551,25.594,25.647,26.088,25.86,25.604,25.988,26.003,25.807,25.759,25.961,26.104,25.796,25.631,26.019,26.385,26.216,26.607,27.721,27.407,27.139,27.888,28.793,27.899,27.742,28.3,28.368,28.383,29.685,31.017,30.906,29.695,28.995,29.387,29.875,30.56,30.834,30.819,31.144,32.379,31.362,29.68,29.829,29.103,29.772,30.315,29.541,30.253,30.161,29.18,28.663,28.798,27.988,27.223,27.664,28.497,28.839,28.451,27.951,26.591,26.491,27.202,26.976,25.913,25.572,25.903,25.807,25.236,26.771,27.323,25.343,25.386,25.327,25.236,25.626,26.523,26.062,26.602,28.757,28.092,25.903,25.322,26.776,27.008,26.248,26.512,27.972,27.292,26.475,26.971,27.779,26.051,25.716,26.745,26.792,25.876,26.136,27.124,27.323,27.742,28.034,25.993,22.954,23.363,26.115,26.803,24.619,24.393,23.944,22.916,22.181,22.62,22.664,21.927,21.451,22.181,21.949,21.684,22.384,22.021,21.207,20.845,21.362,23.559,23.211,21.062,20.538,20.532,20.543,20.493,20.538,20.527,20.56,20.543,20.471,20.426,20.476,20.521,20.471,20.454,20.448,20.476,20.521,20.51,20.527,20.527,20.487,20.499,20.448,20.437,20.51,20.499,20.493,20.515,20.543,20.571,20.515,20.499,20.588,20.644,20.611,20.622,20.733,20.75,20.689,20.666,20.728,20.633,20.583,20.65,20.733,20.722,20.722,20.739,20.739,20.717,20.683,20.689,20.733,20.717,20.65,20.689,20.823,20.8,20.789,20.789,20.756,20.661,20.711,20.789,20.75,20.644,20.678,20.728,20.65,20.706,20.694,20.638
20.213,20.213,20.23,20.246,20.106,20.241,20.415,20.319,20.224,20.207,20.286,20.325,20.202,20.246,20.353,20.319,20.297,20.286,20.342,20.415,20.375,20.37,20.37,20.336,20.286,20.426,20.515,20.409,20.459,20.499,20.515,20.543,20.493,20.431,20.476,20.566,20.515,20.51,20.527,20.504,20.487,20.577,20.605,20.51,20.538,20.616,20.588,20.476,20.532,20.577,20.543,20.515,20.594,20.583,20.555,20.616,20.605,20.588,20.56,20.555,20.661,20.611,20.515,20.549,20.566,20.549,20.527,20.543,20.521,20.583,20.655,20.672,20.689,20.627,20.583,20.627,20.683,20.549,20.459,20.627,20.845,20.934,21.662,22.785,22.351,23.222,24.974,25.37,23.342,21.595,23.167,25.796,25.268,24.517,25.364,26.781,26.602,27.092,27.118,26.152,26.94,27.643,26.982,25.966,26.613,27.46,27.433,26.897,26.65,26.258,26.21,26.502,26.179,25.849,25.993,26.311,25.961,26.295,26.486,25.855,25.642,25.695,25.839,25.887,26.152,25.982,25.642,25.652,25.732,25.668,25.652,25.913,26.718,26.258,25.444,25.913,27.307,27.302,26.718,27.276,27.794,27.543,27.239,27.643,27.8,27.888,28.886,30.289,30.167,29.371,29.175,29.664,29.17,29.113,29.931,30.855,32.053,32.153,31.433,31.306,31.7,31.002,30.692,31.569,30.636,30.504,30.56,29.705,29.108,29.005,28.694,27.883,27.695,27.585,27.768,28.3,29.248,29.551,28.658,27.575,26.454,25.918,26.871,27.935,26.776,25.599,25.647,26.051,25.343,25.918,26.697,26.163,25.53,25.247,25.231,25.172,25.982,26.03,26.141,27.192,28.31,27.365,25.828,26.083,27.208,26.391,25.428,26.502,27.528,26.997,26.062,26.29,25.444,26.56,27.894,27.166,25.359,26.083,27.794,27.596,28.248,27.334,24.377,22.252,23.901,26.353,25.407,22.516,23.793,25.091,23.7,21.412,21.91,22.324,21.761,21.362,22.807,22.724,21.551,21.44,21.435,21.268,20.929,20.973,22.543,23.7,22.532,20.583,20.527,20.555,20.482,20.577,20.555,20.56,20.566,20.527,20.431,20.454,20.504,20.454,20.471,20.538,20.538,20.482,20.515,20.482,20.471,20.549,20.527,20.409,20.375,20.487,20.504,20.527,20.504,20.454,20.566,20.482,20.42,20.583,20.627,20.661,20.7,20.739,20.722,20.733,20.756,20.733,20.577,20.549,20.722,20.867,20.75,20.733,20.756,20.683,20.694,20.706,20.733,20.795,20.789,20.789,20.795,20.8,20.823,20.817,20.767,20.745,20.795,20.839,20.806,20.733,20.678,20.683,20.694,20.655,20.622,20.599,20.588
20.325,20.235,20.168,20.246,20.213,20.275,20.331,20.28,20.252,20.218,20.258,20.336,20.258,20.286,20.331,20.28,20.387,20.291,20.241,20.403,20.241,20.218,20.325,20.325,20.258,20.364,20.527,20.538,20.51,20.555,20.56,20.487,20.437,20.459,20.493,20.476,20.443,20.504,20.532,20.471,20.532,20.594,20.616,20.622,20.588,20.622,20.627,20.543,20.487,20.431,20.493,20.633,20.638,20.627,20.616,20.605,20.599,20.594,20.594,20.611,20.577,20.627,20.627,20.521,20.532,20.555,20.588,20.622,20.571,20.538,20.605,20.7,20.678,20.616,20.566,20.571,20.717,20.611,20.51,20.666,20.543,20.839,21.479,22.059,23.134,24.641,25.209,24.662,23.733,22.774,23.184,24.441,25.032,25.156,25.514,26.157,25.204,26.12,27.47,27.134,27.418,27.475,26.75,25.94,26.332,26.845,27.04,27.097,27.208,26.443,26.083,26.686,26.046,25.604,25.961,26.396,26.163,25.775,26.041,26.607,25.961,25.844,26.168,26.051,25.748,25.711,25.754,25.567,25.514,25.492,25.551,25.817,27.04,26.781,25.583,25.695,27.993,28.191,26.702,26.65,27.794,27.286,26.591,27.653,28.554,28.871,29.505,30.656,30.412,28.726,27.664,28.497,30.519,31.124,30.672,31.159,32.158,32.078,31.255,31.017,30.391,30.85,31.599,31.453,31.463,30.865,30.126,29.726,28.44,27.533,27.716,28.087,27.507,28.461,29.15,28.243,28.871,29.15,28.186,26.987,26.412,25.903,26.554,27.721,26.755,25.604,25.487,25.855,25.679,25.482,26.136,26.992,25.764,25.006,25.193,25.305,25.855,25.86,25.322,25.322,27.087,28.201,27.176,25.839,26.644,26.327,25.273,25.466,27.365,27.36,25.722,25.386,26.618,27.753,27.831,27.334,25.305,26.47,28.399,27.554,27.334,25.786,23.933,23.38,23.314,24.705,24.7,23.074,25.839,25.711,22.554,21.157,21.982,22.976,22.5,21.49,22.054,22.401,21.833,21.235,21.617,21.59,21.062,20.996,22.087,24.128,23.581,20.756,20.532,20.627,20.571,20.538,20.532,20.555,20.56,20.532,20.499,20.476,20.493,20.532,20.532,20.577,20.577,20.51,20.515,20.487,20.487,20.549,20.504,20.538,20.543,20.471,20.549,20.683,20.638,20.471,20.465,20.499,20.515,20.532,20.588,20.75,20.789,20.661,20.638,20.722,20.756,20.672,20.611,20.633,20.745,20.828,20.817,20.717,20.661,20.711,20.722,20.711,20.694,20.711,20.733,20.862,20.89,20.773,20.75,20.823,20.834,20.773,20.962,20.901,20.7,20.706,20.761,20.655,20.583,20.683,20.543,20.431,20.426
20.207,20.286,20.252,20.14,20.072,20.218,20.325,20.224,20.162,20.202,20.246,20.196,20.14,20.157,20.23,20.275,20.325,20.364,20.353,20.314,20.23,20.291,20.353,20.297,20.297,20.443,20.555,20.521,20.538,20.532,20.499,20.476,20.504,20.521,20.493,20.459,20.415,20.482,20.577,20.577,20.538,20.588,20.611,20.549,20.644,20.532,20.431,20.56,20.611,20.549,20.482,20.532,20.56,20.543,20.504,20.515,20.599,20.599,20.549,20.566,20.543,20.583,20.594,20.543,20.521,20.549,20.583,20.577,20.549,20.482,20.51,20.616,20.521,20.571,20.577,20.415,20.521,20.56,20.566,20.644,20.543,20.611,21.335,22.395,23.733,23.298,22.927,24.425,26.396,24.554,22.247,23.717,25.812,25.61,25.038,26.29,25.134,25.706,26.976,26.745,26.824,27.223,27.197,26.686,26.961,26.591,26.375,26.945,26.866,26.237,26.279,26.976,25.966,25.801,26.533,26.681,26.152,25.945,26.301,26.486,25.918,25.684,25.754,25.594,25.391,25.929,26.152,25.503,25.348,25.476,25.663,25.807,26.655,26.66,25.855,25.7,27.244,27.763,26.903,26.554,27.501,27.192,26.565,27.323,28.643,29.026,28.969,29.448,29.051,27.8,27.925,29.721,31.245,31.281,30.723,31.109,31.002,31.321,31.584,31.21,30.09,30.299,31.281,31.443,32.168,31.746,30.595,30.095,29.721,27.559,26.781,28.529,27.92,28.466,29.248,28.803,29.067,28.674,27.281,26.189,26.824,26.781,26.549,27.045,26.882,25.722,25.097,25.748,26.338,25.732,25.674,26.882,26.104,25.434,25.444,25.556,25.876,25.77,25.161,24.915,25.86,27.836,27.685,25.583,26.195,26.539,25.679,25.027,26.718,26.644,25.615,26.041,26.088,27.192,27.847,27.145,26.523,27.339,27.852,26.734,25.823,25.471,25.011,23.961,22.752,24.522,26.221,25.107,24.963,24.565,22.971,21.168,21.213,22.582,22.768,21.424,21.822,22.34,21.916,21.146,21.568,21.645,21.201,21.079,21.59,22.872,22.927,21.512,20.638,20.37,20.538,20.499,20.431,20.471,20.51,20.459,20.448,20.482,20.493,20.465,20.448,20.504,20.543,20.504,20.476,20.465,20.51,20.555,20.443,20.538,20.588,20.42,20.515,20.605,20.577,20.51,20.403,20.459,20.583,20.588,20.577,20.7,20.761,20.661,20.706,20.666,20.638,20.728,20.694,20.661,20.65,20.638,20.683,20.7,20.678,20.678,20.678,20.638,20.644,20.728,20.756,20.806,20.862,20.884,20.8,20.812,20.789,20.672,20.806,20.767,20.65,20.683,20.711,20.694,20.678,20.678,20.499,20.431,20.476
20.168,20.308,20.286,20.106,20.162,20.218,20.202,20.179,20.168,20.202,20.235,20.23,20.218,20.145,20.196,20.364,20.325,20.308,20.308,20.269,20.269,20.319,20.336,20.303,20.331,20.443,20.515,20.493,20.515,20.555,20.527,20.471,20.527,20.538,20.476,20.431,20.443,20.403,20.448,20.599,20.493,20.471,20.543,20.566,20.633,20.616,20.527,20.51,20.611,20.627,20.555,20.521,20.487,20.51,20.538,20.532,20.571,20.571,20.566,20.588,20.549,20.515,20.538,20.571,20.493,20.566,20.638,20.56,20.532,20.504,20.521,20.56,20.515,20.549,20.521,20.387,20.459,20.521,20.577,20.655,20.555,20.437,21.151,22.302,22.368,22.346,23.418,25.113,26.797,25.316,22.96,23.385,24.802,25.407,25.801,26.829,26.428,26.655,26.422,25.311,26.014,27.113,27.47,27.265,27.496,27.365,27.071,27.124,27.559,26.76,26.03,26.56,26.422,26.353,26.517,26.66,26.607,26.258,25.972,25.95,25.652,25.53,25.524,25.418,25.322,25.972,26.253,25.61,25.343,25.546,25.77,25.684,26.046,26.676,26.433,25.647,26.301,27.941,27.977,26.428,26.686,27.941,28.024,26.86,27.407,28.206,28.658,28.824,28.601,28.694,29.418,30.228,31.134,31.291,30.723,30.437,30.463,31.478,31.912,31.048,30.284,30.636,31.468,31.589,31.982,31.801,31.119,30.595,30.1,28.081,27.087,28.321,28.762,28.777,29.093,29.664,28.679,27.428,26.871,26.882,27.323,27.276,26.623,26.242,26.734,26.141,25.343,25.764,26.876,26.157,25.257,26.094,26.2,25.706,25.305,25.45,25.311,25.375,25.295,24.984,25.049,26.56,27.328,26.301,25.674,26.496,26.655,25.241,25.7,26.285,26.454,26.396,25.658,25.95,26.897,27.055,26.533,26.035,26.428,27.113,26.86,25.908,25.065,24.807,24.139,25.134,25.982,24.941,23.325,22.801,22.976,22.384,21.24,22.225,23.102,21.872,21.496,21.883,21.938,21.251,21.385,21.59,21.335,20.957,21.24,22.17,22.538,21.922,21.04,20.51,20.493,20.454,20.454,20.555,20.588,20.51,20.504,20.493,20.493,20.521,20.487,20.476,20.482,20.482,20.476,20.549,20.588,20.532,20.448,20.42,20.482,20.538,20.521,20.543,20.555,20.521,20.51,20.527,20.51,20.465,20.443,20.555,20.689,20.711,20.717,20.694,20.678,20.7,20.745,20.711,20.627,20.611,20.7,20.711,20.689,20.728,20.661,20.638,20.633,20.633,20.767,20.856,20.856,20.867,20.873,20.845,20.75,20.672,20.75,20.694,20.622,20.678,20.627,20.622,20.611,20.549,20.504,20.532,20.571
20.196,20.224,20.23,20.185,20.263,20.241,20.174,20.207,20.224,20.218,20.224,20.269,20.303,20.258,20.252,20.347,20.314,20.213,20.202,20.291,20.319,20.291,20.297,20.375,20.342,20.398,20.476,20.476,20.487,20.577,20.577,20.459,20.487,20.504,20.471,20.443,20.487,20.426,20.403,20.51,20.471,20.443,20.538,20.661,20.583,20.622,20.633,20.504,20.549,20.583,20.599,20.627,20.543,20.538,20.583,20.583,20.56,20.583,20.605,20.583,20.538,20.515,20.555,20.599,20.527,20.566,20.644,20.622,20.583,20.577,20.571,20.549,20.594,20.571,20.504,20.499,20.504,20.532,20.588,20.644,20.555,20.482,20.867,21.507,21.545,23.189,24.737,24.592,24.753,24.92,24.247,23.26,23.852,25.37,26.66,27.155,27.805,27.522,26.003,24.861,25.817,26.897,27.307,27.512,27.758,28.17,27.868,27.118,28.149,27.376,25.828,25.961,26.808,26.892,26.285,26.147,26.433,26.062,25.535,25.652,25.754,25.69,25.572,25.594,25.482,25.764,26.025,25.86,25.567,25.594,25.839,25.892,25.674,26.57,26.85,25.791,25.934,27.873,28.305,26.443,26.586,28.855,29.196,26.692,26.173,27.543,29.072,29.186,29.18,29.9,30.458,30.248,30.753,31.473,31.012,29.926,30.707,31.882,31.841,30.966,30.717,31.478,31.816,31.063,30.906,31.24,31.185,30.437,29.916,29.026,28.149,27.925,29.134,29.155,29.036,29.823,28.154,26.913,27.454,28.17,27.302,26.771,26.528,26.046,26.353,26.623,26.38,26.088,26.734,26.263,25.263,25.268,25.913,25.807,25.193,25.091,24.925,25.07,25.46,25.647,25.14,25.279,26.496,27.307,25.418,26.088,27.339,26.088,25.236,26.009,27.124,26.855,26.269,25.817,26.47,27.397,26.623,25.652,26.094,27.139,26.607,25.086,24.42,24.99,24.974,24.549,23.874,23.298,22.302,22.346,23.102,23.091,21.728,21.877,23.08,23.074,21.601,21.473,21.955,21.335,21.112,21.473,21.712,21.446,21.839,22.197,22.093,21.783,21.507,20.923,20.471,20.471,20.543,20.633,20.633,20.594,20.627,20.504,20.448,20.571,20.549,20.482,20.443,20.471,20.51,20.594,20.583,20.493,20.51,20.426,20.431,20.588,20.527,20.527,20.543,20.504,20.571,20.577,20.482,20.42,20.409,20.487,20.622,20.706,20.706,20.761,20.761,20.666,20.706,20.733,20.7,20.683,20.739,20.689,20.672,20.767,20.672,20.706,20.694,20.555,20.672,20.834,20.856,20.795,20.845,20.828,20.773,20.778,20.812,20.711,20.611,20.633,20.532,20.499,20.482,20.415,20.448,20.538,20.588
20.185,20.134,20.179,20.246,20.162,20.213,20.297,20.252,20.213,20.241,20.23,20.151,20.207,20.308,20.291,20.19,20.207,20.23,20.252,20.303,20.336,20.291,20.314,20.448,20.353,20.409,20.504,20.448,20.493,20.571,20.543,20.454,20.476,20.493,20.482,20.493,20.493,20.56,20.566,20.476,20.51,20.543,20.599,20.666,20.566,20.431,20.459,20.588,20.583,20.543,20.583,20.683,20.638,20.549,20.515,20.549,20.588,20.65,20.611,20.51,20.487,20.549,20.611,20.616,20.605,20.555,20.583,20.678,20.661,20.594,20.532,20.527,20.549,20.577,20.583,20.566,20.499,20.566,20.633,20.577,20.588,20.633,20.655,20.94,22.763,24.026,23.478,22.692,23.662,24.77,24.333,23.347,24.759,25.775,26.152,26.855,27.873,27.129,25.796,25.903,26.157,26.57,27.176,27.768,27.988,27.972,27.386,26.75,27.48,27.223,26.216,26.051,26.655,27.055,26.496,25.706,25.471,25.53,25.684,25.77,26.179,25.924,25.503,25.642,25.556,25.647,25.892,26.009,25.786,25.567,25.913,26.422,25.663,26.152,26.766,26.12,25.913,26.887,27.439,26.808,27.313,28.865,28.834,26.976,26.216,27.706,29.418,29.294,29.217,29.551,30.305,30.839,30.809,31.589,31.478,30.115,30.58,31.387,31.619,31.382,31.027,31.695,31.549,30.044,30.085,31.032,30.987,29.829,30.366,29.998,28.751,28.258,28.871,28.984,28.969,29.345,28.409,27.695,27.951,28.227,27.071,26.258,26.248,26.232,26.03,26.86,27.307,26.523,26.285,26.104,25.567,24.995,25.604,26.014,25.556,25.011,25.3,25.14,25.471,26.433,25.423,24.748,26.057,27.554,25.578,25.732,27.229,26.839,25.61,25.434,26.781,27.737,27.139,26.839,27.339,27.763,27.847,27.57,26.729,25.567,23.249,23.156,24.538,24.474,23.82,22.872,22.697,23.074,22.197,23.02,23.668,22.395,21.684,21.44,22.67,24.02,22.137,21.501,21.91,21.296,20.951,21.379,22.148,22.423,22.713,21.839,21.129,21.64,21.778,21.157,20.487,20.532,20.532,20.527,20.527,20.566,20.644,20.504,20.381,20.482,20.493,20.471,20.454,20.471,20.532,20.527,20.476,20.487,20.538,20.583,20.532,20.448,20.499,20.51,20.499,20.521,20.459,20.51,20.594,20.594,20.549,20.56,20.605,20.627,20.745,20.756,20.706,20.717,20.661,20.711,20.733,20.65,20.638,20.638,20.672,20.717,20.655,20.733,20.761,20.633,20.571,20.683,20.823,20.823,20.761,20.745,20.795,20.823,20.789,20.672,20.577,20.566,20.454,20.465,20.493,20.409,20.353,20.431,20.527
20.246,20.134,20.05,20.241,20.224,20.258,20.252,20.157,20.174,20.218,20.207,20.174,20.286,20.347,20.258,20.157,20.218,20.252,20.241,20.252,20.241,20.28,20.347,20.375,20.314,20.437,20.487,20.347,20.448,20.571,20.566,20.499,20.471,20.476,20.482,20.471,20.493,20.515,20.538,20.555,20.482,20.443,20.493,20.543,20.532,20.51,20.51,20.521,20.42,20.471,20.594,20.599,20.566,20.599,20.583,20.476,20.493,20.566,20.566,20.504,20.504,20.532,20.577,20.616,20.487,20.532,20.627,20.583,20.605,20.532,20.487,20.555,20.521,20.521,20.532,20.521,20.504,20.549,20.577,20.543,20.504,20.504,20.599,20.867,21.855,22.428,22.73,23.32,23.45,24.058,25.054,25.562,24.748,24.344,24.7,25.15,26.639,27.239,26.845,26.813,27.087,27.076,27.16,27.601,27.774,27.307,26.94,27.124,26.602,26.486,26.681,26.628,26.75,26.618,26.195,25.844,25.508,25.263,25.391,25.69,25.903,25.695,25.492,25.674,25.684,25.636,25.7,25.839,25.695,25.439,25.865,26.639,26.099,25.903,26.104,26.035,25.738,26.628,27.763,27.768,26.987,27.789,28.736,27.93,26.168,26.945,28.917,29.062,28.964,29.541,30.187,30.172,30.126,31.746,32.274,30.549,30.039,30.946,31.972,31.811,31.169,31.448,31.417,30.238,29.613,30.269,30.646,29.782,29.654,30.259,30.33,29.428,28.871,27.956,28.18,29.459,29.957,28.549,26.982,27.15,27.706,26.829,25.7,25.924,25.503,27.118,28.17,26.813,25.881,25.865,25.833,25.091,25.295,26.099,26.131,25.322,25.551,25.118,25.391,26.607,25.588,24.506,25.732,27.732,26.438,25.476,26.38,27.407,26.734,25.881,26.184,27.092,27.208,27.774,28.133,27.742,27.475,25.78,24.171,23.998,23.025,23.331,24.387,24.581,24.597,23.156,22.186,22.916,23.205,23.134,22.56,21.977,21.634,21.407,22.34,23.63,22.494,21.44,21.357,21.412,21.046,21.268,21.993,22.302,21.822,21.09,20.873,21.207,22.142,21.634,20.515,20.527,20.527,20.543,20.482,20.415,20.515,20.487,20.398,20.42,20.364,20.515,20.583,20.415,20.476,20.471,20.42,20.454,20.521,20.527,20.459,20.426,20.493,20.543,20.538,20.527,20.465,20.521,20.571,20.521,20.527,20.555,20.571,20.594,20.717,20.678,20.577,20.616,20.655,20.644,20.627,20.655,20.694,20.672,20.65,20.683,20.644,20.739,20.806,20.733,20.711,20.745,20.756,20.717,20.773,20.767,20.745,20.767,20.638,20.527,20.499,20.487,20.42,20.387,20.392,20.409,20.493,20.42,20.314
20.196,20.157,20.112,20.185,20.269,20.224,20.151,20.202,20.207,20.207,20.202,20.213,20.28,20.224,20.196,20.314,20.246,20.286,20.325,20.252,20.224,20.342,20.392,20.291,20.263,20.387,20.471,20.403,20.403,20.538,20.611,20.527,20.493,20.471,20.476,20.515,20.583,20.532,20.471,20.515,20.448,20.532,20.616,20.555,20.605,20.538,20.476,20.543,20.504,20.566,20.655,20.65,20.566,20.538,20.566,20.555,20.538,20.543,20.566,20.583,20.555,20.594,20.627,20.594,20.504,20.56,20.605,20.527,20.555,20.588,20.588,20.588,20.56,20.543,20.532,20.521,20.577,20.56,20.538,20.588,20.555,20.482,20.555,20.789,21.118,21.595,22.329,23.047,22.916,24.753,26.422,25.748,24.117,24.193,25.364,25.46,25.7,26.338,27.034,27.229,26.496,26.639,27.418,27.601,27.935,26.808,26.396,27.611,26.602,26.359,27.034,27.124,26.332,26.126,26.263,25.918,25.674,25.7,25.711,25.503,25.551,25.514,25.492,25.599,25.583,25.556,25.62,25.727,25.732,25.466,25.86,26.813,26.85,25.972,25.556,26.163,26.131,26.47,27.255,27.716,26.871,27.013,28.097,28.394,27.155,26.718,27.967,29.144,28.974,29.345,30.126,30.335,29.7,31.174,32.007,30.299,29.361,30.294,31.68,31.655,31.66,31.483,30.88,30.218,30.105,30.417,30.509,30.136,29.577,30.773,31.311,29.603,27.993,27.601,28.658,29.505,30.468,28.373,26.285,27.313,28.274,27.187,25.546,25.626,25.182,26.644,28.061,27.444,26.067,25.839,26.11,25.482,25.097,25.69,26.078,25.487,25.594,25.305,25.295,25.823,25.327,24.796,25.642,27.066,26.971,25.551,25.343,26.887,27.334,26.876,26.623,27.176,27.108,27.428,27.061,25.716,24.517,24.312,24.484,24.058,24.042,24.171,24.452,24.743,25.049,24.576,23.194,22.203,23.036,22.593,21.883,22.522,22.735,22.181,21.91,22.467,22.39,21.496,21.085,21.623,21.396,21.157,21.429,21.844,21.473,21.101,20.895,20.89,22.12,22.159,20.996,20.459,20.51,20.605,20.527,20.443,20.471,20.515,20.493,20.431,20.364,20.476,20.583,20.527,20.549,20.51,20.499,20.56,20.487,20.476,20.515,20.504,20.426,20.515,20.605,20.532,20.521,20.51,20.482,20.465,20.448,20.588,20.65,20.543,20.622,20.638,20.611,20.644,20.599,20.689,20.745,20.644,20.678,20.655,20.633,20.683,20.661,20.739,20.817,20.789,20.773,20.817,20.812,20.728,20.784,20.717,20.583,20.56,20.493,20.454,20.51,20.577,20.476,20.387,20.42,20.493,20.515,20.454,20.392
20.1,20.157,20.218,20.162,20.213,20.179,20.168,20.275,20.263,20.19,20.168,20.213,20.224,20.151,20.202,20.387,20.286,20.286,20.353,20.319,20.291,20.331,20.342,20.275,20.286,20.325,20.42,20.51,20.403,20.476,20.566,20.493,20.499,20.499,20.499,20.521,20.566,20.566,20.493,20.448,20.459,20.65,20.7,20.515,20.599,20.51,20.437,20.583,20.616,20.605,20.605,20.627,20.594,20.493,20.515,20.661,20.622,20.583,20.594,20.605,20.543,20.605,20.638,20.549,20.555,20.566,20.56,20.566,20.571,20.638,20.638,20.56,20.594,20.583,20.543,20.555,20.588,20.56,20.532,20.571,20.577,20.549,20.538,20.627,20.7,21.783,22.522,22.28,23.2,25.354,26.057,24.796,24.339,24.979,26.343,27.018,26.253,25.77,26.301,26.771,25.647,26.136,27.139,26.739,26.903,26.507,26.665,27.596,27.082,26.406,26.623,27.202,26.607,26.173,26.009,25.743,25.855,26.099,25.945,25.519,25.498,25.583,25.604,25.535,25.434,25.455,25.599,25.695,25.77,25.594,25.918,26.734,27.003,26.104,25.62,26.47,27.05,26.766,26.338,26.681,27.176,27.313,27.507,28.066,28.232,27.192,27.145,28.814,29.438,29.371,29.726,30.707,30.468,30.437,30.417,29.998,29.577,29.931,30.723,31.109,31.705,31.286,30.427,30.396,31.038,30.931,30.498,30.641,30.238,30.656,30.284,28.544,27.334,28.034,29.448,29.567,29.726,27.904,26.718,27.815,28.05,27.265,26.014,25.455,25.322,26.226,27.386,27.601,26.57,25.934,25.887,25.583,24.968,25.22,25.647,25.428,25.934,25.823,25.322,25.252,25.006,25.177,25.636,25.887,26.258,25.498,24.968,25.77,26.565,26.824,26.839,27.092,26.549,26.088,25.204,23.961,23.499,25.182,26.051,24.571,24.058,24.306,24.662,24.538,24.759,25.113,23.771,21.529,22.175,22.324,22.263,22.965,23.211,22.461,21.59,21.64,22.197,21.684,21.124,21.629,21.606,21.04,21.151,22.115,22.45,21.772,20.906,20.951,21.462,22.516,22.159,20.566,20.459,20.555,20.56,20.56,20.515,20.487,20.51,20.532,20.465,20.415,20.487,20.599,20.571,20.493,20.521,20.616,20.493,20.499,20.594,20.577,20.437,20.431,20.515,20.521,20.543,20.515,20.499,20.538,20.476,20.577,20.638,20.521,20.532,20.594,20.627,20.611,20.56,20.711,20.789,20.644,20.599,20.644,20.678,20.644,20.616,20.711,20.773,20.722,20.728,20.778,20.784,20.722,20.706,20.622,20.493,20.431,20.527,20.499,20.459,20.543,20.448,20.415,20.459,20.465,20.392,20.465,20.566
20.134,20.157,20.19,20.19,20.129,20.23,20.303,20.207,20.252,20.185,20.123,20.207,20.252,20.263,20.252,20.269,20.319,20.263,20.252,20.364,20.308,20.23,20.235,20.297,20.353,20.342,20.375,20.493,20.448,20.448,20.465,20.454,20.482,20.555,20.543,20.448,20.426,20.543,20.594,20.493,20.487,20.566,20.515,20.359,20.476,20.56,20.549,20.532,20.487,20.476,20.471,20.443,20.56,20.577,20.56,20.622,20.566,20.583,20.594,20.527,20.499,20.521,20.549,20.538,20.493,20.532,20.599,20.599,20.588,20.577,20.543,20.515,20.577,20.555,20.521,20.555,20.515,20.538,20.532,20.459,20.454,20.532,20.577,20.532,20.157,21.485,22.735,22.532,24.166,24.404,24.328,25.482,25.636,24.855,25.295,27.082,27.239,26.375,25.844,26.263,26.295,26.692,26.417,25.391,25,26.152,27.381,27.244,27.05,26.099,25.993,27.082,27.664,26.512,25.252,25.615,26.046,25.828,25.503,25.764,25.642,25.7,25.759,25.61,25.466,25.423,25.53,25.626,25.658,25.7,25.998,26.406,26.496,26.035,25.897,26.554,27.726,27.439,26.216,26.11,27.271,27.831,27.617,27.737,28.284,27.522,26.876,27.868,29.726,29.587,28.948,30.085,31.357,30.172,29.02,30.248,30.381,30.034,30.146,30.865,31.129,30.692,30.437,30.916,31.22,30.758,30.488,30.941,30.453,29.68,28.803,28.087,27.847,28.17,29.119,29.844,29.407,28.238,27.355,27.255,27.58,27.454,26.369,25.38,25.663,26.607,27.166,26.971,26.597,25.828,25.343,25.359,24.936,25.236,25.594,25.434,26.517,26.285,25.476,25.642,25.07,25.209,25.524,25.225,25.241,25.177,25.156,25.327,25.594,25.823,25.934,25.972,25.786,25.482,24.947,24.608,25.892,26.412,25.268,24.02,23.113,23.923,24.732,24.117,24.56,24.393,22.949,21.645,22.247,22.741,22.576,22.401,22.192,21.822,21.573,21.656,22.302,21.778,21.062,21.435,21.518,20.968,21.335,22.757,23.184,21.988,20.812,21.096,20.817,22.598,23.124,20.929,20.465,20.437,20.532,20.549,20.527,20.415,20.437,20.605,20.493,20.431,20.471,20.482,20.454,20.387,20.409,20.51,20.51,20.515,20.538,20.555,20.538,20.409,20.37,20.504,20.532,20.56,20.594,20.611,20.594,20.515,20.493,20.555,20.532,20.527,20.487,20.437,20.599,20.605,20.571,20.678,20.594,20.683,20.722,20.571,20.543,20.678,20.739,20.638,20.717,20.7,20.622,20.622,20.611,20.616,20.566,20.499,20.655,20.549,20.325,20.336,20.319,20.387,20.403,20.325,20.325,20.426,20.51
20.129,20.185,20.202,20.145,20.089,20.23,20.319,20.202,20.263,20.213,20.179,20.297,20.342,20.235,20.202,20.336,20.314,20.202,20.213,20.336,20.28,20.218,20.269,20.37,20.392,20.314,20.336,20.499,20.487,20.476,20.476,20.471,20.499,20.599,20.588,20.448,20.437,20.538,20.566,20.476,20.448,20.482,20.527,20.532,20.527,20.599,20.638,20.577,20.583,20.583,20.532,20.493,20.527,20.577,20.56,20.515,20.527,20.599,20.594,20.504,20.515,20.588,20.633,20.611,20.555,20.588,20.616,20.56,20.538,20.583,20.599,20.543,20.577,20.543,20.487,20.515,20.493,20.583,20.622,20.527,20.504,20.543,20.577,20.549,20.325,21.096,22.5,23.162,22.445,23.227,25.508,26.792,26.417,24.554,24.312,26.279,27.805,26.062,24.646,26.523,27.108,27.129,26.665,26.253,25.738,26.168,26.929,27.045,27.491,27.134,26.517,26.613,27.26,26.517,25.53,25.839,25.924,25.567,25.455,25.897,25.998,25.849,25.716,25.743,25.498,25.343,25.471,25.663,25.599,26.2,26.359,25.663,25.892,26.083,26.025,26.279,28.378,28.128,26.179,25.839,26.502,28.092,28.409,27.339,27.706,27.821,27.402,27.36,29.186,28.658,27.674,29.026,30.509,29.17,27.956,29.628,30.59,30.514,30.136,30.544,31.281,31.21,30.34,29.916,30.289,30.794,31.174,31.21,29.68,28.684,29.16,29.664,28.891,28.081,28.964,30.442,29.608,28.248,27.501,27.397,27.847,27.15,25.855,25.588,26.242,27.04,26.892,26.163,25.897,25.279,25.118,25.636,25.53,25.423,25.455,25.567,26.131,26.179,25.839,25.727,25.081,25.289,25.572,25.086,25.225,25.37,25.311,25.263,25.535,26.025,25.876,25.279,25.658,25.903,26.141,26.496,25.748,25.305,25.107,24.694,24.775,25.311,24.931,23.803,24.517,24.587,23.38,22.379,22.593,22.664,22.098,21.584,21.811,22.109,22.186,22.137,22.015,21.545,21.207,21.301,21.329,21.135,21.229,21.717,21.938,21.418,20.901,21.057,20.778,21.933,22.615,21.523,20.722,20.493,20.638,20.538,20.549,20.487,20.459,20.527,20.521,20.482,20.431,20.415,20.476,20.459,20.42,20.465,20.482,20.515,20.504,20.443,20.426,20.487,20.532,20.51,20.583,20.51,20.437,20.521,20.538,20.499,20.487,20.549,20.622,20.566,20.51,20.594,20.644,20.594,20.577,20.661,20.566,20.588,20.638,20.588,20.605,20.717,20.733,20.622,20.605,20.683,20.778,20.795,20.745,20.689,20.655,20.638,20.683,20.538,20.426,20.521,20.409,20.459,20.471,20.308,20.319,20.448,20.532
20.168,20.174,20.196,20.162,20.112,20.286,20.403,20.275,20.235,20.202,20.252,20.347,20.308,20.246,20.275,20.359,20.314,20.202,20.218,20.353,20.275,20.258,20.336,20.387,20.381,20.392,20.431,20.476,20.476,20.549,20.588,20.532,20.532,20.515,20.499,20.51,20.465,20.532,20.577,20.504,20.476,20.527,20.605,20.627,20.527,20.594,20.638,20.51,20.566,20.538,20.493,20.555,20.532,20.583,20.605,20.527,20.493,20.527,20.56,20.555,20.622,20.622,20.599,20.627,20.599,20.616,20.605,20.543,20.527,20.605,20.627,20.555,20.515,20.504,20.538,20.594,20.571,20.571,20.588,20.583,20.549,20.538,20.566,20.605,20.594,20.75,21.545,22.522,22.456,24.074,26.173,26.713,27.155,25.354,24.171,25.7,27.638,26.787,24.963,25.562,27.181,27.951,27.658,27.585,27.25,26.359,26.221,27.097,27.596,27.831,26.987,25.844,26.422,26.517,25.961,25.727,25.62,25.423,25.567,26.019,25.993,25.727,25.588,25.668,25.476,25.386,25.466,25.551,25.546,26.141,26.237,25.535,25.706,26.258,26.263,25.913,27.202,28.222,27.391,26.025,26.205,27.601,27.982,26.987,27.58,28.518,28.17,27.139,28.186,28.772,28.232,27.789,28.222,27.93,27.737,28.554,29.495,30.442,30.616,30.315,30.453,30.809,30.483,29.664,29.587,30.784,31.584,30.885,29.659,28.964,29.967,31.058,29.459,27.753,28.425,30.003,29.155,27.679,27.501,28.274,28.003,26.607,25.626,26.03,26.876,27.04,26.088,25.273,25.54,25.252,25.038,25.647,26.316,25.871,25.118,25.284,25.423,25.535,25.583,25.578,25.215,25.54,25.711,25.182,25.546,26.168,25.993,25.263,25.263,25.796,26.014,25.716,26.073,26.465,26.623,26.486,25.423,24.457,24.624,25.252,25.391,24.818,23.917,23.586,24.247,25.124,24.511,22.894,22.065,21.822,22.153,22.39,22.109,22.098,22.214,22.015,21.629,21.307,21.179,21.146,21.429,21.462,21.157,20.984,21.151,21.279,21.168,21.001,20.733,21.096,22.037,22.483,21.268,20.499,20.566,20.51,20.504,20.549,20.538,20.459,20.387,20.459,20.504,20.431,20.577,20.583,20.499,20.515,20.431,20.476,20.538,20.493,20.51,20.588,20.599,20.527,20.527,20.459,20.443,20.532,20.538,20.532,20.543,20.571,20.56,20.543,20.605,20.711,20.678,20.683,20.672,20.611,20.611,20.689,20.761,20.756,20.722,20.717,20.711,20.683,20.683,20.773,20.789,20.683,20.683,20.683,20.644,20.622,20.728,20.627,20.549,20.678,20.521,20.465,20.487,20.443,20.42,20.448,20.482
20.23,20.19,20.185,20.202,20.213,20.275,20.319,20.303,20.213,20.246,20.314,20.28,20.235,20.263,20.308,20.297,20.319,20.269,20.246,20.314,20.275,20.286,20.314,20.303,20.308,20.403,20.454,20.409,20.409,20.532,20.599,20.515,20.504,20.443,20.454,20.56,20.51,20.538,20.583,20.555,20.583,20.611,20.605,20.588,20.527,20.543,20.532,20.443,20.465,20.448,20.476,20.588,20.56,20.583,20.611,20.571,20.504,20.499,20.555,20.605,20.689,20.644,20.555,20.566,20.566,20.605,20.622,20.577,20.571,20.583,20.594,20.577,20.482,20.493,20.599,20.65,20.605,20.549,20.555,20.588,20.566,20.549,20.577,20.616,20.588,20.538,20.923,21.828,23.478,25.07,25.38,25.204,26.755,26.576,25.172,25.124,26.507,27.223,26.046,24.952,26.94,28.201,27.894,27.679,27.69,26.924,26.502,27.05,26.987,27.244,26.792,25.663,25.988,26.189,25.849,25.54,25.466,25.412,25.578,25.871,25.711,25.567,25.54,25.519,25.455,25.482,25.503,25.45,25.519,25.647,25.807,25.924,25.833,26.338,26.512,25.929,25.62,27.397,28.284,26.729,26.396,26.766,27.103,27.003,27.37,28.331,28.274,27.197,27.355,29.046,29.345,27.549,27.055,28.232,29.253,28.808,28.643,29.772,30.565,29.926,29.711,29.952,30.269,30.182,29.746,30.259,30.819,30.463,30.6,29.936,29.423,29.69,28.798,27.821,28.066,28.876,28.445,27.055,27.302,28.948,27.501,26.189,26.433,27.018,26.908,26.163,25.375,25.188,25.674,25.562,25.193,25.455,26.279,25.839,24.882,24.931,25.027,24.957,25.198,25.732,25.37,25.583,25.924,25.69,25.658,26.602,26.776,25.572,25.086,25.402,26.104,26.353,26.29,26.242,25.823,25.188,25.61,24.941,24.247,24.705,24.544,24.074,23.706,23.711,23.988,24.759,24.339,22.681,21.457,21.617,22.954,23.548,22.39,21.612,21.739,21.767,21.551,21.368,21.24,21.151,21.435,21.507,21.213,21.012,21.168,21.412,21.34,21.035,20.789,20.756,21.833,23.08,22.01,20.739,20.409,20.527,20.493,20.549,20.56,20.454,20.325,20.437,20.571,20.504,20.549,20.571,20.549,20.549,20.476,20.493,20.543,20.543,20.655,20.627,20.532,20.538,20.465,20.482,20.555,20.577,20.566,20.543,20.555,20.588,20.448,20.521,20.672,20.666,20.722,20.733,20.694,20.678,20.728,20.823,20.823,20.722,20.666,20.638,20.666,20.733,20.789,20.767,20.622,20.493,20.527,20.661,20.672,20.571,20.728,20.717,20.605,20.622,20.571,20.443,20.437,20.566,20.459,20.398,20.42
20.28,20.269,20.185,20.19,20.303,20.174,20.078,20.252,20.263,20.364,20.364,20.213,20.258,20.23,20.196,20.263,20.291,20.303,20.263,20.224,20.258,20.263,20.235,20.235,20.246,20.286,20.336,20.364,20.359,20.42,20.471,20.443,20.448,20.515,20.571,20.56,20.566,20.56,20.549,20.56,20.655,20.611,20.538,20.594,20.599,20.527,20.482,20.521,20.459,20.504,20.605,20.622,20.577,20.571,20.571,20.538,20.538,20.566,20.594,20.611,20.644,20.683,20.633,20.538,20.532,20.611,20.65,20.605,20.599,20.555,20.56,20.633,20.538,20.532,20.583,20.571,20.532,20.583,20.638,20.611,20.594,20.588,20.594,20.594,20.471,20.415,21.112,22.263,23.102,24.285,24.619,24.231,25.46,26.808,26.057,24.339,25.359,26.274,26.12,26.003,27.255,27.721,27.118,26.834,27.061,27.554,27.444,26.766,26.327,26.343,26.438,26.189,26.062,25.652,25.471,25.7,25.54,25.38,25.428,25.562,25.631,25.658,25.604,25.54,25.487,25.487,25.519,25.535,25.519,25.503,25.722,26.035,25.764,26.157,26.613,26.327,25.663,26.533,27.674,27.339,26.369,26.454,27.26,27.297,26.65,27.129,27.763,27.318,26.997,28.118,28.927,28.222,27.92,29.541,30.85,30.08,29.144,29.418,29.864,29.351,29.926,29.885,29.752,30.218,29.972,29.459,29.598,30.31,31.002,29.89,27.836,27.176,27.977,28.3,28.18,28.409,28.191,26.976,27.145,28.669,26.766,26.099,27.433,28.019,26.47,25.225,25.343,25.695,25.695,25.492,25.359,25.444,25.615,25.327,24.92,24.941,25.016,24.861,25.316,26.205,25.46,25.354,26.041,26.248,25.466,26.21,26.929,25.993,25.327,25.482,26.046,26.078,25.924,25.572,25.204,25.113,25.876,25.631,24.398,23.803,24.285,25.177,24.984,23.955,23.906,23.575,22.916,22.461,21.806,22.384,23.385,23.287,22.142,21.307,21.59,22.048,21.712,21.557,21.529,21.301,21.146,21.263,21.279,21.018,20.962,21.185,21.313,21.146,21.012,20.817,21.656,22.976,22.604,21.257,20.403,20.577,20.549,20.538,20.515,20.476,20.476,20.499,20.532,20.543,20.409,20.459,20.555,20.504,20.594,20.594,20.482,20.448,20.599,20.611,20.527,20.549,20.493,20.51,20.549,20.527,20.527,20.51,20.527,20.571,20.482,20.56,20.65,20.605,20.761,20.694,20.638,20.817,20.795,20.75,20.633,20.493,20.499,20.56,20.638,20.7,20.706,20.605,20.532,20.566,20.577,20.745,20.8,20.655,20.683,20.711,20.638,20.538,20.599,20.482,20.415,20.555,20.415,20.381,20.437
20.269,20.297,20.179,20.145,20.241,20.202,20.157,20.258,20.347,20.342,20.297,20.314,20.258,20.23,20.252,20.263,20.241,20.213,20.258,20.342,20.336,20.303,20.303,20.331,20.303,20.291,20.342,20.398,20.353,20.409,20.465,20.437,20.476,20.588,20.605,20.51,20.56,20.566,20.538,20.56,20.599,20.571,20.543,20.588,20.577,20.577,20.599,20.616,20.538,20.549,20.583,20.538,20.549,20.588,20.605,20.571,20.415,20.465,20.633,20.655,20.555,20.487,20.493,20.504,20.549,20.56,20.549,20.56,20.543,20.532,20.566,20.622,20.577,20.555,20.577,20.599,20.56,20.577,20.622,20.627,20.588,20.549,20.549,20.583,20.599,20.51,20.784,21.601,23.069,24.603,24.619,23.765,23.993,26.014,26.491,24.571,24.592,25.225,26.179,27.024,27.606,27.774,27.071,26.29,26.655,27.59,27.674,26.813,26.12,25.956,26.454,26.755,26.078,25.54,25.663,25.871,25.615,25.3,25.3,25.514,25.578,25.663,25.652,25.546,25.482,25.45,25.508,25.583,25.535,25.514,25.897,26.348,25.674,25.54,26.438,27.082,26.152,25.86,26.755,27.36,26.586,26.512,27.454,27.914,26.803,26.195,27.013,27.779,26.766,26.655,28.102,29.237,28.912,29.371,29.962,29.598,29.232,29.931,29.987,28.762,28.902,30.105,30.809,30.279,29.675,28.974,28.632,28.72,29.721,28.539,26.803,27.171,28.186,28.29,28.087,28.456,27.223,26.94,27.58,27.48,26.041,26.295,27.862,28.076,26.025,24.947,25.567,25.918,25.775,25.3,25.107,25.332,25.338,25.268,24.995,24.71,24.904,24.743,25.059,25.966,25.604,25.305,25.7,26.126,25.316,25.444,25.865,25.407,25.236,25.215,25.476,25.743,25.396,25.311,25.247,24.957,25.364,25.722,24.807,23.592,25.263,25.588,24.371,23.847,23.287,22.746,22.938,23.44,22.516,22.037,22.532,22.85,22.115,21.324,21.39,21.861,21.7,21.557,21.457,21.307,21.263,21.218,21.168,21.118,20.929,21.029,21.34,21.424,21.04,20.784,21.418,22.362,22.796,21.706,20.437,20.493,20.499,20.543,20.543,20.515,20.487,20.443,20.465,20.527,20.487,20.499,20.51,20.482,20.583,20.543,20.493,20.577,20.594,20.532,20.493,20.538,20.465,20.482,20.56,20.566,20.443,20.515,20.605,20.515,20.459,20.532,20.599,20.555,20.605,20.678,20.728,20.733,20.672,20.622,20.633,20.65,20.577,20.543,20.583,20.599,20.493,20.42,20.465,20.571,20.756,20.845,20.739,20.633,20.689,20.761,20.7,20.571,20.577,20.482,20.459,20.583,20.499,20.415,20.398
20.269,20.252,20.196,20.241,20.112,20.123,20.258,20.314,20.263,20.218,20.241,20.286,20.297,20.336,20.359,20.319,20.23,20.258,20.291,20.224,20.235,20.319,20.347,20.286,20.269,20.375,20.448,20.387,20.336,20.398,20.454,20.426,20.51,20.594,20.577,20.51,20.493,20.499,20.566,20.644,20.599,20.543,20.543,20.583,20.594,20.627,20.633,20.611,20.627,20.583,20.549,20.583,20.521,20.622,20.689,20.571,20.51,20.504,20.555,20.594,20.566,20.515,20.527,20.594,20.588,20.555,20.599,20.694,20.622,20.577,20.583,20.588,20.638,20.605,20.577,20.633,20.605,20.532,20.527,20.599,20.683,20.532,20.454,20.65,20.644,20.571,20.555,20.879,22.417,24.274,24.42,23.559,24.716,25.727,25.966,25.865,24.177,24.823,27.05,27.711,27.47,27.58,27.202,26.168,26.639,27.543,27.679,27.045,26.189,25.732,26.475,27.334,26.417,25.647,25.844,26.163,25.817,25.508,25.434,25.402,25.562,25.546,25.498,25.61,25.524,25.508,25.535,25.519,25.604,25.604,25.945,26.454,25.833,25.364,26.248,27.428,26.813,25.727,25.972,27.113,26.976,26.443,26.987,28.113,27.04,26.126,26.866,27.977,27.297,26.813,28.076,29.731,29.325,28.876,29.248,29.7,29.046,28.922,29.315,29.294,28.793,28.917,29.351,29.258,28.953,28.726,28.529,28.279,28.513,27.491,26.676,27.344,27.653,27.81,27.8,27.716,27.024,27.998,28.175,26.29,25.94,26.803,27.307,26.565,25.674,25.236,25.572,25.876,25.434,25.295,25.647,25.796,25.193,24.882,25.054,25.14,25.049,24.829,24.979,25.455,25.748,25.423,25.225,25.594,25.316,25.091,25.204,25.386,25.273,25.354,25.54,25.535,25.295,25.471,25.332,24.737,25.418,25.849,25.273,24.608,25.124,24.813,24.015,23.771,22.675,22.34,22.938,23.167,22.543,21.606,21.822,22.85,22.965,21.905,21.151,21.612,21.684,21.518,21.424,21.529,21.301,21.112,21.179,21.29,21.018,20.973,21.251,21.424,21.379,21.107,21.09,21.595,23.096,22.582,20.828,20.443,20.42,20.515,20.56,20.549,20.515,20.515,20.527,20.499,20.459,20.527,20.56,20.476,20.482,20.521,20.555,20.56,20.527,20.566,20.566,20.482,20.504,20.515,20.527,20.56,20.504,20.527,20.527,20.465,20.521,20.487,20.437,20.499,20.549,20.689,20.722,20.622,20.594,20.633,20.683,20.694,20.672,20.638,20.583,20.521,20.459,20.426,20.499,20.633,20.767,20.873,20.867,20.834,20.962,20.895,20.733,20.722,20.661,20.605,20.555,20.504,20.499,20.51,20.515
20.23,20.185,20.185,20.263,20.134,20.123,20.252,20.314,20.179,20.19,20.246,20.185,20.286,20.347,20.331,20.336,20.28,20.392,20.359,20.112,20.14,20.28,20.319,20.241,20.252,20.375,20.448,20.392,20.342,20.381,20.431,20.426,20.476,20.515,20.527,20.532,20.443,20.443,20.543,20.611,20.588,20.56,20.566,20.594,20.611,20.633,20.583,20.504,20.583,20.611,20.599,20.627,20.538,20.611,20.666,20.566,20.655,20.611,20.521,20.577,20.644,20.644,20.611,20.616,20.571,20.577,20.672,20.761,20.655,20.594,20.583,20.555,20.644,20.611,20.555,20.622,20.594,20.521,20.527,20.611,20.706,20.555,20.487,20.694,20.583,20.588,20.611,20.644,21.268,22.763,23.998,24.436,25.567,25.604,25.647,26.433,24.587,25.016,27.092,27.517,26.918,26.918,27.218,26.961,27.061,27.066,27.04,27.055,26.602,25.929,26.184,27.034,26.708,25.844,25.61,26.057,25.775,25.786,25.754,25.391,25.551,25.455,25.375,25.615,25.61,25.631,25.572,25.455,25.642,25.716,25.807,26.035,26.025,25.743,26.11,27.04,27.37,26.258,25.684,26.755,27.213,26.634,26.459,27.355,27.187,26.76,26.934,27.611,28.034,27.878,28.133,29.077,29.129,28.772,29.248,30.279,29.654,28.612,28.917,29.957,29.072,27.564,27.318,28.227,28.601,28.907,28.834,28.445,27.831,27.69,27.653,27.302,27.559,28.05,28.055,27.679,27.883,28.477,27.601,25.839,27.176,27.402,26.29,25.903,25.988,25.583,25.3,25.61,25.188,25.402,25.903,25.775,24.936,24.802,25.503,25.828,25.263,24.92,25.006,25.102,25.679,25.583,25.107,25.172,25.588,25.455,25.263,25.599,25.551,25.722,25.78,25.535,25.551,25.711,25.519,25.156,25.865,26.29,25.86,25.177,24.042,23.69,23.711,23.14,22.335,22.263,22.511,22.274,22.313,21.811,21.839,22.746,23.26,22.395,21.301,21.407,21.678,21.512,21.346,21.59,21.296,21.079,21.162,21.263,21.085,20.957,21.062,21.257,21.601,21.424,20.996,21.174,22.637,23.129,21.833,20.577,20.387,20.476,20.543,20.532,20.521,20.566,20.56,20.476,20.387,20.504,20.611,20.51,20.409,20.543,20.638,20.493,20.465,20.599,20.616,20.443,20.521,20.527,20.499,20.549,20.532,20.476,20.459,20.515,20.555,20.499,20.454,20.515,20.611,20.644,20.588,20.566,20.594,20.644,20.622,20.566,20.622,20.611,20.532,20.51,20.538,20.543,20.56,20.622,20.633,20.745,20.879,20.929,20.996,20.895,20.756,20.75,20.683,20.655,20.583,20.471,20.515,20.566,20.566
20.174,20.19,20.157,20.123,20.269,20.291,20.224,20.241,20.263,20.291,20.263,20.202,20.246,20.224,20.207,20.28,20.319,20.409,20.392,20.269,20.235,20.246,20.303,20.353,20.347,20.28,20.314,20.459,20.392,20.381,20.443,20.459,20.431,20.465,20.521,20.515,20.476,20.482,20.482,20.443,20.504,20.594,20.616,20.588,20.555,20.627,20.605,20.459,20.493,20.655,20.678,20.532,20.577,20.566,20.549,20.605,20.616,20.605,20.633,20.678,20.65,20.588,20.527,20.51,20.521,20.566,20.605,20.616,20.549,20.555,20.577,20.549,20.599,20.566,20.538,20.599,20.566,20.566,20.627,20.666,20.56,20.549,20.633,20.65,20.577,20.638,20.706,20.655,20.532,21.351,23.652,25.604,24.614,25.011,26.104,25.77,25.423,25,25.727,27.045,26.613,26.332,27.082,27.883,27.381,26.422,26.274,26.845,27.05,26.375,25.807,26.163,26.65,26.009,25.268,25.578,25.514,25.801,25.913,25.562,25.519,25.492,25.482,25.53,25.674,25.7,25.572,25.503,25.615,25.828,25.759,25.535,25.956,25.993,26.009,26.57,27.638,26.723,25.604,26.412,27.097,27.129,26.576,26.433,27.271,27.097,26.591,27.113,28.061,27.821,27.428,28.212,29.082,29,29.088,30.167,30.697,30.064,29.387,29.556,28.643,27.669,27.622,28.175,28.777,29.119,28.612,27.836,27.391,28.191,28.42,27.433,28.565,29.005,28.684,28.741,28.471,27.496,26.242,25.913,28.554,27.685,25.828,27.024,26.502,25.583,25.22,25.412,25.391,25.354,25.188,24.947,24.641,25.284,26.062,25.913,25.252,24.877,24.957,25.038,25.46,25.631,25.322,25.124,25.849,25.801,25.252,25.327,25.748,25.754,25.492,25.54,25.642,25.668,25.791,26.041,25.966,26.634,26.195,24.312,23.586,23.369,22.965,22.241,22.219,22.148,22.148,22.39,22.664,22.456,22.059,22.082,22.368,22.313,21.75,21.329,21.645,21.501,21.185,21.335,21.379,21.174,20.996,21.073,21.085,20.996,21.029,21.246,21.418,21.385,21.14,21.073,21.507,22.96,22.817,20.839,20.454,20.476,20.543,20.504,20.493,20.482,20.465,20.459,20.42,20.493,20.583,20.56,20.426,20.538,20.666,20.555,20.493,20.543,20.549,20.448,20.471,20.476,20.515,20.588,20.42,20.415,20.56,20.599,20.476,20.555,20.666,20.583,20.616,20.56,20.504,20.56,20.583,20.515,20.459,20.487,20.487,20.443,20.448,20.532,20.527,20.56,20.566,20.532,20.599,20.605,20.633,20.728,20.633,20.728,20.778,20.599,20.566,20.538,20.521,20.555,20.611,20.549,20.459
20.19,20.241,20.207,20.1,20.269,20.331,20.258,20.252,20.269,20.246,20.185,20.174,20.336,20.269,20.168,20.28,20.308,20.269,20.263,20.319,20.207,20.224,20.359,20.398,20.364,20.258,20.275,20.415,20.342,20.375,20.443,20.42,20.42,20.465,20.504,20.504,20.471,20.487,20.527,20.515,20.51,20.51,20.499,20.476,20.459,20.56,20.605,20.504,20.515,20.616,20.616,20.504,20.594,20.543,20.471,20.549,20.588,20.633,20.644,20.627,20.627,20.543,20.521,20.599,20.527,20.555,20.599,20.549,20.616,20.594,20.571,20.633,20.549,20.465,20.482,20.566,20.638,20.599,20.555,20.599,20.454,20.532,20.666,20.599,20.549,20.566,20.594,20.588,20.482,21.007,22.828,24.737,25.476,25.322,25.354,26.088,26.528,24.979,24.694,26.897,26.713,26.385,27.034,27.914,27.318,26.839,26.924,27.04,27.349,26.75,25.828,25.764,26.576,26.274,25.295,25.204,25.62,25.828,25.658,25.54,25.46,25.482,25.503,25.476,25.674,25.743,25.604,25.524,25.636,26.014,25.918,25.407,25.706,26.073,26.094,26.078,27.003,26.797,25.823,25.732,26.454,27.029,26.528,25.86,27.087,27.475,26.665,26.322,27.018,27.171,27.076,27.653,28.876,29.041,28.793,29.361,29.844,28.984,28.342,29.046,28.907,27.941,27.197,27.475,28.554,28.57,27.883,27.961,28.466,28.451,27.951,27.873,28.762,28.958,28.342,28.034,28.3,26.702,25.508,26.713,28.632,27.271,25.599,26.86,26.067,25.786,25.775,25.241,25.188,25.054,24.898,24.909,25.011,25.284,25.487,25.45,25.172,25.134,25.188,25.075,25.273,25.727,25.599,25.043,25.78,25.775,25.354,25.546,25.54,25.476,25.492,25.642,25.961,25.626,25.62,26.422,26.528,26.184,24.791,23.14,22.648,22.62,22.73,22.708,22.648,22.412,22.23,22.368,23.069,23.505,22.648,21.49,22.021,22.197,21.85,21.745,21.551,21.207,21.124,21.335,21.357,21.007,20.795,21.04,21.318,21.584,21.412,21.068,21.418,21.462,21.135,21.023,20.817,22.637,23.222,21.151,20.588,20.471,20.51,20.482,20.543,20.527,20.454,20.443,20.426,20.515,20.577,20.51,20.375,20.437,20.538,20.499,20.571,20.583,20.493,20.415,20.409,20.364,20.403,20.543,20.543,20.471,20.465,20.543,20.515,20.549,20.577,20.532,20.543,20.566,20.555,20.504,20.409,20.387,20.398,20.37,20.426,20.515,20.571,20.571,20.521,20.527,20.543,20.532,20.566,20.599,20.616,20.627,20.465,20.543,20.633,20.499,20.611,20.493,20.403,20.566,20.566,20.56,20.571
20.252,20.218,20.19,20.224,20.213,20.241,20.252,20.218,20.235,20.258,20.246,20.246,20.353,20.359,20.269,20.246,20.275,20.218,20.241,20.387,20.297,20.218,20.258,20.336,20.359,20.325,20.325,20.398,20.437,20.426,20.37,20.353,20.426,20.515,20.532,20.515,20.532,20.538,20.532,20.532,20.482,20.487,20.515,20.51,20.51,20.583,20.605,20.532,20.543,20.56,20.555,20.543,20.538,20.521,20.549,20.605,20.538,20.566,20.622,20.611,20.622,20.627,20.605,20.571,20.532,20.566,20.577,20.532,20.566,20.583,20.599,20.633,20.594,20.56,20.527,20.515,20.611,20.644,20.583,20.549,20.538,20.471,20.471,20.571,20.594,20.577,20.616,20.711,20.622,20.683,21.91,23.733,25.236,24.678,24.177,25.647,27.124,25.556,24.198,25.945,26.623,26.797,26.955,27.407,27.402,27.407,27.15,26.755,27.349,27.055,25.998,25.61,25.972,26.512,26.285,25.594,25.626,25.631,25.674,25.849,25.615,25.508,25.567,25.578,25.615,25.706,25.668,25.519,25.498,25.897,26.051,25.7,25.615,26.019,26.141,25.754,25.988,26.644,26.639,25.956,25.807,26.813,26.971,25.77,26.348,27.16,27.082,26.623,27.381,27.894,27.57,27.265,28.055,28.627,28.201,27.622,28.139,27.925,27.344,27.538,28.336,28.814,28.144,27.276,27.522,28.18,28.896,29.309,29.165,27.836,27.018,27.617,27.972,27.873,27.355,27.024,27.113,26.29,26.528,28.18,28.087,26.517,25.503,25.998,25.876,25.674,25.396,25.15,25.279,25.423,25.198,24.855,24.968,25.032,24.92,24.855,25.07,25.166,25.14,25.193,25.15,25.37,25.444,25.263,25.727,25.972,25.711,25.444,25.423,25.305,25.327,25.61,26.019,25.823,25.636,25.924,25.423,23.841,23.042,23.711,23.971,23.184,22.576,23.042,22.932,22.834,22.774,22.741,23.249,23.124,22.247,21.656,21.684,22.054,22.23,22.021,21.518,21.335,21.362,21.207,21.224,21.307,21.174,20.99,21.595,22.28,21.949,21.079,21.073,21.124,21.062,21.012,20.706,21.706,22.598,21.999,21.018,20.415,20.465,20.521,20.549,20.543,20.527,20.527,20.471,20.504,20.543,20.504,20.549,20.515,20.504,20.588,20.56,20.538,20.51,20.454,20.409,20.426,20.499,20.56,20.605,20.532,20.42,20.42,20.415,20.476,20.521,20.504,20.471,20.515,20.56,20.515,20.454,20.459,20.476,20.454,20.499,20.499,20.504,20.571,20.571,20.566,20.538,20.499,20.499,20.599,20.611,20.476,20.403,20.392,20.42,20.454,20.605,20.51,20.409,20.543,20.51,20.538,20.583
20.252,20.202,20.162,20.263,20.157,20.196,20.263,20.185,20.196,20.308,20.359,20.297,20.308,20.359,20.325,20.235,20.258,20.291,20.314,20.347,20.336,20.252,20.202,20.246,20.319,20.392,20.403,20.398,20.459,20.42,20.314,20.303,20.359,20.487,20.538,20.504,20.515,20.538,20.538,20.521,20.465,20.538,20.616,20.577,20.594,20.627,20.605,20.555,20.577,20.56,20.549,20.583,20.527,20.532,20.611,20.655,20.577,20.555,20.583,20.594,20.616,20.678,20.633,20.51,20.532,20.571,20.588,20.594,20.521,20.566,20.644,20.622,20.611,20.655,20.616,20.487,20.532,20.638,20.666,20.611,20.622,20.459,20.392,20.571,20.588,20.611,20.666,20.717,20.661,20.487,21.351,22.916,23.635,23.374,23.879,25.679,27.176,26.549,24.936,24.941,26.353,27.061,26.671,26.586,27.276,27.486,26.829,26.306,26.745,27.076,26.544,25.77,25.508,26.21,26.808,26.438,25.791,25.604,25.849,25.849,25.578,25.519,25.7,25.791,25.77,25.706,25.62,25.546,25.359,25.551,26.009,26.179,25.732,25.77,25.977,25.743,25.444,26.353,27.208,26.76,25.754,26.454,27.055,25.95,25.743,26.713,27.501,27.25,27.643,28.347,28.154,27.239,27.176,27.946,27.941,26.95,27.48,27.998,27.349,26.491,27.638,29.392,29.49,28.258,27.753,28.57,29.438,29.026,28.066,27.192,26.971,27.04,27.234,27.286,26.94,26.581,26.686,27.061,27.726,28.144,27.008,26.019,25.626,25.322,25.567,25.434,25.215,25.423,25.519,25.578,25.348,24.995,24.861,24.947,24.957,24.818,25.129,25.14,25.032,25.193,25.22,25.22,25.107,25.032,25.466,26.062,25.956,25.37,25.492,25.423,25.295,25.476,25.881,25.716,25.102,24.748,24.355,23.02,23.042,24.807,25.588,24.063,22.445,22.987,23.603,23.537,22.856,22.527,22.522,22.406,22.258,22.192,21.44,21.745,22.384,22.07,21.479,21.557,21.651,21.135,21.09,21.534,21.562,21.068,21.64,22.109,21.761,21.151,20.895,20.828,20.906,20.979,20.979,20.951,21.651,22.56,21.523,20.583,20.487,20.532,20.471,20.51,20.583,20.56,20.527,20.521,20.515,20.499,20.605,20.549,20.51,20.627,20.521,20.51,20.543,20.504,20.465,20.527,20.588,20.555,20.515,20.532,20.493,20.375,20.381,20.454,20.504,20.487,20.431,20.437,20.493,20.515,20.538,20.538,20.527,20.521,20.532,20.454,20.431,20.543,20.616,20.627,20.543,20.459,20.465,20.56,20.549,20.415,20.448,20.415,20.403,20.504,20.56,20.549,20.515,20.527,20.51,20.515,20.532
20.196,20.258,20.218,20.151,20.14,20.263,20.308,20.202,20.196,20.314,20.353,20.258,20.314,20.297,20.252,20.291,20.275,20.331,20.319,20.213,20.218,20.314,20.325,20.241,20.275,20.375,20.409,20.359,20.291,20.331,20.364,20.297,20.275,20.381,20.493,20.487,20.409,20.476,20.583,20.566,20.504,20.577,20.616,20.527,20.555,20.594,20.605,20.605,20.633,20.599,20.555,20.583,20.616,20.577,20.543,20.594,20.678,20.661,20.577,20.56,20.599,20.611,20.588,20.577,20.527,20.56,20.638,20.661,20.622,20.616,20.661,20.683,20.532,20.577,20.627,20.499,20.543,20.588,20.644,20.706,20.549,20.527,20.594,20.566,20.504,20.588,20.611,20.493,20.594,20.599,21.101,22.048,22.571,22.801,24.301,26.586,27.055,27.003,25.998,24.893,26.248,26.987,26.396,26.057,26.797,27.208,26.787,26.343,26.126,26.929,27.129,26.062,25.796,25.754,26.205,26.729,26.157,25.908,25.823,25.402,25.284,25.53,25.849,25.934,26.11,25.828,25.503,25.578,25.396,25.402,25.897,26.364,25.801,25.551,25.759,25.786,25.498,26.11,26.987,26.966,26.009,26.062,26.449,25.977,25.77,26.755,27.512,26.992,26.422,27.202,27.956,27.365,26.86,27.465,28.107,27.763,27.862,28.222,27.763,26.85,27.706,29.051,29.613,29.418,29.335,28.964,27.925,26.839,26.576,27.344,27.664,27.008,27.449,27.899,27.365,26.554,27.439,27.914,27.323,26.665,26.184,26.014,25.801,25.322,24.931,25.439,26.019,25.764,25.508,24.995,24.941,25.37,25.252,25.182,25.188,25.156,25.279,25.354,25.209,25.059,25.327,25.642,25.177,24.425,25.091,25.796,25.881,25.711,25.546,25.556,25.567,25.455,25.807,25.097,24.074,24.107,25.011,24.877,24.198,24.404,25.166,23.982,22.494,23.036,24.646,24.263,22.307,21.584,21.612,22.9,23.401,22.307,21.39,21.429,22.093,22.148,21.396,21.424,21.684,21.24,21.04,21.229,21.446,21.379,21.545,21.368,21.068,21.068,21.168,20.996,20.817,20.934,21.023,20.895,21.412,22.351,21.817,20.968,20.538,20.476,20.415,20.504,20.555,20.482,20.549,20.583,20.532,20.476,20.42,20.42,20.465,20.499,20.566,20.577,20.527,20.51,20.51,20.504,20.487,20.471,20.42,20.538,20.577,20.437,20.532,20.521,20.431,20.443,20.42,20.443,20.471,20.465,20.431,20.454,20.459,20.415,20.426,20.51,20.56,20.549,20.611,20.611,20.538,20.493,20.51,20.499,20.482,20.499,20.515,20.549,20.56,20.555,20.549,20.549,20.538,20.527,20.527,20.543,20.555
20.235,20.218,20.168,20.123,20.174,20.218,20.196,20.174,20.202,20.297,20.336,20.28,20.235,20.297,20.331,20.275,20.308,20.336,20.28,20.213,20.224,20.314,20.319,20.235,20.387,20.308,20.19,20.314,20.308,20.359,20.37,20.297,20.314,20.375,20.465,20.532,20.471,20.504,20.543,20.493,20.532,20.555,20.532,20.521,20.549,20.571,20.583,20.611,20.611,20.56,20.532,20.56,20.566,20.566,20.56,20.566,20.588,20.627,20.655,20.661,20.588,20.633,20.666,20.566,20.482,20.499,20.583,20.616,20.566,20.566,20.627,20.655,20.566,20.499,20.515,20.56,20.583,20.549,20.543,20.599,20.56,20.538,20.532,20.521,20.504,20.672,20.717,20.532,20.577,20.655,20.968,21.557,22.505,22.878,23.728,25.273,25.054,26.083,26.496,25.279,26.163,26.924,26.771,26.454,26.475,26.671,26.766,26.665,26.459,26.618,26.76,26.565,26.697,26.401,26.051,26.126,26.009,26.046,25.945,25.62,25.54,25.743,25.929,25.913,26.295,26.11,25.514,25.311,25.396,25.514,25.77,26.078,25.786,25.642,25.722,25.722,25.668,25.817,26.295,26.618,25.876,25.812,26.301,26.274,25.823,26.12,26.803,26.871,26.443,26.723,27.423,27.491,26.66,26.887,27.904,28.055,26.76,26.966,27.925,27.643,26.997,27.57,29.335,30.289,29.222,27.685,27.082,27.202,26.95,27.297,27.475,27.097,27.862,28.316,27.554,26.56,26.676,26.517,26.141,26.205,26.992,26.686,25.674,25.402,25.284,25.508,25.562,25.279,25.38,25.049,24.925,25.407,25.652,25.498,25.182,25.145,25.193,25.476,25.396,24.952,25.102,25.722,25.732,25.097,25.354,25.626,25.823,25.993,25.53,25.61,25.897,25.631,25.273,24.209,24.015,25.032,25.343,25.375,24.506,23.51,24.77,24.732,23.434,23.216,24.882,24.452,22.153,21.285,22.296,23.194,23.08,22.626,21.723,21.761,22.252,21.999,21.44,21.457,21.557,21.14,21.035,21.101,21.59,22.076,21.601,21.162,21.046,21.001,21.162,21.196,21.057,20.968,20.94,20.884,21.346,22.076,22.115,21.168,20.342,20.454,20.448,20.532,20.549,20.482,20.583,20.51,20.443,20.56,20.56,20.555,20.543,20.532,20.538,20.549,20.555,20.566,20.549,20.515,20.482,20.459,20.437,20.577,20.627,20.493,20.51,20.454,20.375,20.398,20.443,20.538,20.549,20.482,20.448,20.42,20.459,20.515,20.443,20.398,20.454,20.521,20.521,20.493,20.504,20.538,20.454,20.331,20.403,20.616,20.672,20.761,20.672,20.431,20.431,20.42,20.448,20.538,20.538,20.549,20.56
20.286,20.258,20.207,20.224,20.269,20.235,20.196,20.246,20.202,20.202,20.297,20.37,20.303,20.325,20.342,20.275,20.342,20.314,20.258,20.314,20.297,20.353,20.342,20.252,20.359,20.431,20.37,20.303,20.291,20.387,20.409,20.331,20.409,20.459,20.471,20.51,20.555,20.594,20.532,20.443,20.493,20.515,20.532,20.583,20.538,20.532,20.56,20.555,20.527,20.538,20.594,20.633,20.571,20.588,20.616,20.56,20.504,20.622,20.711,20.616,20.583,20.605,20.633,20.622,20.571,20.549,20.543,20.527,20.527,20.549,20.588,20.622,20.616,20.599,20.599,20.616,20.583,20.577,20.583,20.56,20.538,20.504,20.521,20.583,20.549,20.638,20.689,20.599,20.65,20.694,20.745,21.012,22.186,22.307,23.243,25.45,24.587,25.434,26.75,26.285,26.173,26.813,26.966,26.152,25.972,26.364,26.882,26.971,26.697,26.591,26.671,26.686,26.94,26.56,25.988,25.993,26.189,26.189,26.099,26.163,25.908,26.242,26.528,26.189,26.152,25.998,25.626,25.322,25.524,25.53,25.556,25.871,25.934,25.823,25.642,25.583,25.663,25.647,25.945,26.517,26.639,26.11,26.035,26.671,26.285,25.871,26.057,26.491,26.634,26.401,26.507,27.034,26.634,26.295,26.76,27.407,26.892,26.676,27.554,28.42,27.412,27.045,27.789,28.227,27.805,27.171,26.855,26.887,27.349,27.192,26.824,27.145,28.264,28.368,27.029,25.972,26.035,25.855,25.871,26.517,27.36,26.697,25.562,25.599,25.38,25.3,25.338,25.354,25.663,25.316,24.931,25.225,25.476,25.412,25.263,25.375,25.466,25.562,25.322,24.947,25.107,25.476,25.77,25.86,25.786,25.375,25.263,25.599,25.546,25.727,25.759,25.305,24.36,24.231,24.78,24.952,25.065,25.588,24.786,23.069,24.506,24.823,23.325,22.587,24.576,24.474,22.115,21.051,21.982,22.987,22.91,22.384,22.004,21.778,21.905,22.07,21.739,21.324,21.09,21.018,20.99,21.029,21.767,22.648,21.706,21.001,21.007,20.984,21.057,21.201,21.168,20.973,20.901,20.962,21.229,21.606,22.549,21.783,20.465,20.538,20.532,20.594,20.599,20.56,20.588,20.583,20.577,20.622,20.627,20.605,20.594,20.588,20.487,20.476,20.56,20.605,20.583,20.487,20.443,20.499,20.493,20.51,20.499,20.448,20.499,20.51,20.487,20.476,20.415,20.521,20.588,20.471,20.51,20.515,20.476,20.465,20.487,20.437,20.487,20.661,20.65,20.555,20.515,20.56,20.499,20.415,20.543,20.795,20.739,20.689,20.627,20.521,20.499,20.515,20.51,20.482,20.504,20.465,20.403
20.23,20.263,20.263,20.28,20.246,20.252,20.286,20.291,20.157,20.157,20.308,20.387,20.381,20.347,20.297,20.258,20.291,20.28,20.263,20.308,20.314,20.359,20.347,20.28,20.28,20.487,20.543,20.342,20.336,20.403,20.415,20.37,20.431,20.465,20.437,20.443,20.538,20.599,20.549,20.493,20.515,20.521,20.555,20.633,20.605,20.549,20.538,20.577,20.543,20.577,20.661,20.683,20.605,20.605,20.622,20.577,20.532,20.666,20.694,20.504,20.56,20.549,20.543,20.65,20.666,20.605,20.538,20.538,20.549,20.566,20.583,20.599,20.616,20.683,20.661,20.538,20.527,20.599,20.633,20.583,20.532,20.487,20.515,20.594,20.583,20.56,20.577,20.627,20.678,20.655,20.599,20.706,21.179,21.955,23.89,26.009,25.695,25.498,26.2,26.76,25.881,26.025,26.391,25.786,25.844,26.465,27.024,27.05,26.876,26.65,26.565,26.581,26.602,26.396,26.157,26.152,26.338,26.131,26.009,26.295,25.929,26.195,26.697,26.56,26.035,25.743,25.807,25.796,25.743,25.524,25.503,25.786,25.972,25.897,25.658,25.578,25.642,25.711,25.929,26.301,26.866,26.237,25.78,26.597,26.982,26.517,25.892,25.988,26.263,26.057,25.95,26.385,26.502,25.961,25.807,26.586,27.643,27.244,27.061,28.279,28.139,27.218,26.12,25.679,26.396,27.05,26.866,26.512,27.129,27.008,26.644,27.029,27.643,27.239,26.073,25.572,25.839,26.263,26.528,26.639,26.597,25.95,25.514,25.706,25.241,25.354,25.668,25.508,25.535,25.252,24.968,25.022,24.984,25.166,25.492,25.668,25.684,25.38,25.145,25.252,25.273,25.322,25.615,25.977,25.913,25.46,25.124,25.252,25.652,25.738,25.466,25.182,24.063,24.484,24.952,24.063,24.732,25.124,24.312,23.38,23.933,23.879,22.965,22.576,23.793,23.793,22.225,21.285,21.91,22.817,22.664,21.861,21.817,21.656,21.656,21.949,21.933,21.335,20.856,21.012,21.09,21.09,21.612,22.34,21.601,20.996,20.962,20.957,20.984,21.04,21.046,21.012,21.001,21.062,21.046,21.09,22.285,22.241,21.107,20.638,20.499,20.549,20.605,20.56,20.549,20.627,20.678,20.627,20.571,20.527,20.555,20.588,20.465,20.471,20.583,20.605,20.605,20.504,20.448,20.515,20.465,20.459,20.465,20.437,20.487,20.549,20.571,20.566,20.454,20.493,20.532,20.448,20.521,20.577,20.504,20.42,20.487,20.482,20.527,20.683,20.711,20.627,20.555,20.588,20.638,20.706,20.778,20.823,20.7,20.555,20.549,20.622,20.577,20.627,20.594,20.426,20.465,20.426,20.347
20.14,20.179,20.241,20.213,20.14,20.213,20.291,20.23,20.117,20.23,20.364,20.314,20.308,20.347,20.319,20.218,20.19,20.28,20.297,20.19,20.235,20.297,20.308,20.308,20.336,20.342,20.336,20.375,20.448,20.431,20.381,20.392,20.387,20.37,20.375,20.426,20.476,20.527,20.549,20.566,20.622,20.538,20.493,20.622,20.728,20.611,20.532,20.678,20.661,20.633,20.622,20.616,20.594,20.588,20.594,20.611,20.594,20.678,20.661,20.521,20.543,20.577,20.571,20.577,20.616,20.566,20.549,20.633,20.577,20.577,20.599,20.577,20.583,20.605,20.521,20.403,20.487,20.56,20.56,20.571,20.594,20.527,20.448,20.482,20.588,20.594,20.577,20.638,20.594,20.599,20.666,20.728,20.308,22.335,24.775,25.161,26.062,25.535,25.364,26.517,25.54,24.92,25.508,26.189,26.179,26.544,26.966,26.955,27.192,26.533,26.115,26.702,26.665,26.644,26.385,25.95,26.062,25.913,25.833,26.088,25.775,25.636,26.099,26.586,26.179,25.796,25.924,26.152,25.86,25.647,25.636,25.636,25.796,25.876,25.78,25.69,25.77,25.817,25.748,25.711,25.924,25.844,25.759,26.141,27.297,27.187,26.073,25.695,25.684,25.791,25.988,26.2,26.253,25.913,25.881,26.465,27.265,27.139,26.918,27.507,27.69,26.734,25.764,25.913,26.232,26.316,26.517,27.008,26.792,26.897,27.092,26.86,26.401,25.775,25.647,25.95,25.706,26.316,26.713,26.078,25.807,25.508,25.546,25.807,25.423,25.754,25.876,25.107,24.791,24.904,25.081,24.963,24.872,25.241,25.7,25.716,25.508,25.102,25.172,25.631,25.343,25.508,25.849,25.764,25.791,25.828,25.743,25.61,25.764,25.594,25.514,25.663,24.533,24.134,24.263,23.993,24.727,24.22,23.396,23.635,23.036,23.096,23.657,23.711,23.162,22.735,22.34,21.966,23.107,23.031,21.977,21.728,21.518,21.971,22.082,21.468,21.761,21.551,21.079,21.101,21.307,21.207,21.235,21.595,21.313,21.112,21.029,20.895,20.99,20.973,20.962,21.107,21.118,21.124,20.962,20.8,21.412,22.087,21.684,20.672,20.381,20.443,20.532,20.459,20.515,20.51,20.527,20.622,20.538,20.499,20.538,20.56,20.476,20.543,20.638,20.594,20.622,20.583,20.51,20.493,20.403,20.532,20.644,20.538,20.476,20.443,20.482,20.543,20.577,20.56,20.493,20.459,20.482,20.504,20.521,20.543,20.482,20.415,20.426,20.493,20.532,20.555,20.599,20.672,20.728,20.867,20.873,20.711,20.683,20.661,20.588,20.51,20.476,20.538,20.543,20.448,20.471,20.504,20.51
20.241,20.258,20.241,20.185,20.179,20.218,20.241,20.224,20.157,20.19,20.291,20.319,20.291,20.359,20.409,20.331,20.224,20.308,20.325,20.145,20.185,20.275,20.347,20.375,20.325,20.364,20.392,20.331,20.347,20.403,20.42,20.392,20.42,20.342,20.308,20.431,20.56,20.577,20.538,20.56,20.532,20.487,20.521,20.616,20.622,20.56,20.555,20.627,20.583,20.56,20.543,20.521,20.555,20.611,20.638,20.638,20.588,20.633,20.65,20.56,20.571,20.599,20.571,20.521,20.549,20.571,20.571,20.583,20.56,20.599,20.599,20.532,20.549,20.594,20.549,20.448,20.487,20.555,20.594,20.594,20.611,20.543,20.459,20.482,20.566,20.616,20.605,20.599,20.566,20.611,20.7,20.739,20.387,21.435,23.787,25.503,26.57,25.615,25.519,27.423,26.934,24.641,24.134,26.083,26.152,26.29,26.353,26.168,26.95,26.776,26.279,26.655,26.976,26.686,26.131,25.998,25.817,25.722,26.232,26.871,26.11,25.674,25.934,26.067,25.881,25.807,25.844,25.786,25.652,25.62,25.604,25.562,25.807,25.934,25.727,25.503,25.652,25.716,25.599,25.594,25.993,26.184,25.95,25.855,26.776,27.018,26.157,25.53,25.966,26.274,26.141,26.083,26.491,26.216,25.727,25.887,26.115,26.517,26.56,26.237,26.179,26.221,26.628,27.145,27.208,26.433,25.844,26.2,26.618,27.344,27.407,26.634,25.476,25.22,25.993,26.438,26.141,26.406,26.528,25.876,25.375,25.14,25.833,26.671,25.86,25.332,25.386,25.241,24.834,24.898,25.107,24.947,24.861,25.322,25.807,25.759,25.567,25.225,25.204,25.508,25.748,25.631,25.492,25.663,25.594,25.764,25.993,25.966,25.722,25.524,25.588,25.615,24.78,24.657,24.979,24.651,23.505,23.276,23.711,23.499,22.576,23.391,24.463,23.863,23.276,22.346,22.137,22.735,23.282,22.302,21.268,21.717,21.706,22.692,22.746,21.307,21.246,21.246,21.146,21.174,21.379,21.246,21.023,21.09,20.99,20.979,20.979,20.901,20.884,20.912,20.996,21.096,21.257,21.246,21.107,21.062,20.951,21.64,21.695,20.638,20.426,20.521,20.543,20.403,20.504,20.493,20.448,20.521,20.471,20.549,20.605,20.51,20.476,20.549,20.583,20.515,20.521,20.555,20.571,20.56,20.454,20.51,20.566,20.465,20.448,20.437,20.448,20.482,20.521,20.527,20.493,20.476,20.426,20.443,20.471,20.465,20.465,20.504,20.51,20.471,20.521,20.56,20.638,20.756,20.706,20.884,20.957,20.733,20.683,20.672,20.583,20.437,20.409,20.471,20.532,20.521,20.51,20.521,20.538
20.286,20.235,20.207,20.286,20.252,20.207,20.185,20.19,20.213,20.258,20.308,20.342,20.319,20.291,20.319,20.375,20.308,20.291,20.331,20.336,20.263,20.303,20.415,20.443,20.403,20.359,20.359,20.387,20.37,20.392,20.409,20.387,20.364,20.364,20.381,20.403,20.482,20.493,20.493,20.555,20.538,20.543,20.549,20.543,20.555,20.493,20.499,20.616,20.666,20.577,20.499,20.555,20.594,20.605,20.599,20.599,20.538,20.566,20.633,20.622,20.527,20.549,20.56,20.454,20.493,20.588,20.622,20.583,20.583,20.605,20.616,20.611,20.532,20.622,20.672,20.538,20.515,20.555,20.594,20.594,20.555,20.521,20.515,20.521,20.549,20.583,20.577,20.549,20.538,20.588,20.644,20.678,20.678,20.806,22.269,24.339,25.156,25.215,25.722,26.813,26.65,25.322,25.065,26.348,26.486,26.539,26.465,26.338,26.955,27.166,26.708,26.391,26.718,26.818,26.597,26.475,26.401,25.844,25.95,26.887,26.945,26.263,25.77,26.003,26.195,26.019,25.658,25.583,25.61,25.636,25.658,25.716,25.679,25.727,25.684,25.53,25.551,25.855,25.908,25.626,25.86,26.12,25.998,25.727,25.7,26.306,26.565,26.12,26.438,26.644,26.279,25.86,26.359,26.353,25.807,25.647,26.099,26.38,26.003,25.546,25.599,26.375,27.145,27.265,27.145,27.087,26.86,26.539,27.108,27.339,26.665,25.94,25.849,26.359,26.486,25.945,25.812,26.073,26.046,25.535,25,26.385,27.528,26.597,25.658,25.284,25.38,25.225,25.032,25.204,25.386,25.204,24.829,25.305,25.839,25.551,25.402,25.231,25.439,25.892,25.892,25.807,25.61,25.391,25.45,25.684,25.855,25.839,25.823,25.113,24.995,25.801,25.332,25.466,25.284,23.993,22.126,22.456,23.765,23.478,22.67,23.276,24.657,24.802,23.505,21.645,22.115,24.004,22.872,21.949,21.717,21.523,22.73,23.298,22.296,21.168,21.029,21.179,21.213,21.085,21.073,21.168,21.107,20.879,20.867,20.934,21.023,21.062,20.906,21.129,21.263,20.984,21.101,21.085,21.107,21.279,20.929,21.168,21.357,20.862,20.594,20.521,20.549,20.51,20.538,20.527,20.482,20.482,20.482,20.605,20.616,20.471,20.51,20.543,20.538,20.521,20.431,20.487,20.577,20.538,20.493,20.448,20.454,20.493,20.504,20.476,20.454,20.471,20.454,20.51,20.538,20.487,20.482,20.476,20.459,20.443,20.454,20.499,20.493,20.448,20.487,20.666,20.823,20.817,20.683,20.694,20.733,20.644,20.65,20.611,20.527,20.476,20.403,20.415,20.482,20.504,20.482,20.448,20.437
20.263,20.179,20.14,20.275,20.241,20.213,20.196,20.179,20.19,20.303,20.353,20.286,20.303,20.263,20.246,20.314,20.325,20.263,20.291,20.409,20.336,20.342,20.398,20.381,20.409,20.331,20.303,20.409,20.426,20.415,20.37,20.325,20.336,20.398,20.409,20.359,20.375,20.448,20.51,20.527,20.577,20.633,20.594,20.51,20.56,20.51,20.499,20.644,20.733,20.633,20.532,20.611,20.616,20.605,20.566,20.532,20.56,20.566,20.571,20.599,20.482,20.51,20.566,20.493,20.56,20.616,20.611,20.594,20.571,20.555,20.594,20.661,20.555,20.616,20.694,20.594,20.56,20.566,20.583,20.571,20.521,20.499,20.532,20.571,20.566,20.56,20.543,20.532,20.532,20.571,20.599,20.616,20.745,20.672,21.429,22.9,23.554,24.684,25.241,24.888,25.102,26.38,26.987,26.311,26.75,26.871,26.597,26.57,26.908,27.16,26.887,26.422,26.163,26.512,26.839,26.65,26.908,26.338,25.727,26.099,27.082,26.929,26.083,26.046,26.369,26.2,25.732,25.652,25.7,25.679,25.7,25.801,25.514,25.524,25.684,25.62,25.503,26.046,26.396,25.956,25.636,25.711,25.95,25.871,25.263,25.695,26.549,26.586,26.539,26.586,26.332,25.828,25.844,26.348,26.47,26.046,26.348,26.327,26.088,26.131,25.982,26.322,26.618,26.465,26.686,27.244,27.402,27.071,27.281,26.713,26.104,26.396,27.076,27.26,26.353,25.396,25.487,25.642,25.524,25.471,25.78,27.664,27.862,25.636,25.252,25.684,25.743,25.113,25.107,25.391,25.46,25.204,24.915,25.236,25.77,25.786,25.37,25.209,25.631,26.035,25.903,25.865,25.663,25.268,25.674,25.828,25.674,25.716,26.051,25.247,24.941,25.993,25.94,25.54,24.22,22.62,22.247,22.823,23.76,24.134,23.782,23.14,23.793,24.984,23.102,21.485,22.412,23.89,22.511,22.571,22.801,21.601,22.856,22.686,21.362,21.096,21.124,21.257,21.196,21.001,20.862,21.096,21.24,21.007,21.007,21.012,21.029,21.068,20.945,21.179,21.29,20.984,20.951,20.951,21.046,21.179,21.068,20.951,21.112,21.329,20.879,20.493,20.493,20.577,20.538,20.51,20.51,20.504,20.515,20.599,20.594,20.493,20.532,20.56,20.549,20.538,20.454,20.482,20.515,20.459,20.465,20.431,20.443,20.532,20.549,20.515,20.487,20.504,20.415,20.471,20.549,20.504,20.532,20.543,20.493,20.437,20.459,20.465,20.431,20.42,20.42,20.739,20.94,20.773,20.689,20.588,20.504,20.487,20.566,20.555,20.504,20.532,20.465,20.431,20.443,20.437,20.403,20.415,20.443
20.28,20.218,20.117,20.095,20.174,20.241,20.241,20.224,20.14,20.235,20.314,20.213,20.241,20.336,20.347,20.269,20.275,20.297,20.269,20.23,20.291,20.347,20.319,20.269,20.291,20.342,20.347,20.325,20.342,20.415,20.375,20.252,20.409,20.409,20.314,20.37,20.426,20.555,20.571,20.482,20.521,20.638,20.661,20.571,20.549,20.571,20.616,20.644,20.633,20.611,20.583,20.566,20.56,20.627,20.622,20.527,20.65,20.638,20.532,20.527,20.538,20.571,20.594,20.605,20.666,20.627,20.549,20.56,20.51,20.499,20.538,20.571,20.577,20.588,20.605,20.616,20.571,20.594,20.616,20.571,20.577,20.527,20.515,20.594,20.599,20.588,20.571,20.56,20.555,20.605,20.65,20.65,20.655,20.487,21.274,22.823,23.608,24.425,24.447,23.988,24.866,26.803,27.139,25.812,26.591,26.718,25.998,25.791,26.459,26.766,26.729,26.813,26.041,25.865,26.195,26.205,26.502,26.76,26.364,25.77,26.301,27.082,26.766,25.764,25.849,26.115,25.988,25.652,25.69,25.684,25.631,25.626,25.498,25.604,25.684,25.535,25.482,25.972,26.459,26.338,25.722,25.604,25.982,26.046,25.652,25.604,25.998,26.253,26.301,26.401,26.332,26.051,25.61,26.422,27.087,26.396,25.615,25.812,26.686,26.866,25.982,25.604,25.993,26.301,26.966,26.745,26.322,26.634,26.702,26.237,26.56,27.711,27.491,26.586,25.913,25.887,25.966,25.583,25.305,25.754,27.066,27.286,26.046,25.172,25.455,25.956,25.764,25.166,25.102,25.257,25.177,24.904,25.172,25.263,25.727,26.47,25.7,25.354,25.567,25.578,26.152,25.807,25.198,25.471,26.051,26.099,25.855,26.003,26.141,26.025,25.849,25.881,26.025,24.802,23.02,22.511,23.467,23.971,24.215,24.866,24.818,23.532,22.96,23.711,22.489,22.181,22.609,22.45,22.708,23.282,23.003,21.96,21.712,21.534,21.307,21.14,21.101,21.112,21.107,21.085,21.046,21.107,21.174,21.146,21.14,21.051,20.918,20.873,20.89,20.901,20.984,21.124,21.068,21.085,21.107,21.029,20.99,20.901,21.179,21.617,21.129,20.583,20.443,20.482,20.487,20.454,20.448,20.515,20.521,20.588,20.611,20.543,20.521,20.583,20.588,20.499,20.532,20.538,20.482,20.459,20.437,20.476,20.493,20.465,20.504,20.521,20.521,20.521,20.409,20.415,20.51,20.527,20.504,20.577,20.549,20.392,20.482,20.521,20.459,20.431,20.392,20.666,20.845,20.678,20.694,20.689,20.56,20.431,20.487,20.549,20.543,20.515,20.51,20.493,20.459,20.443,20.398,20.499,20.611
20.308,20.202,20.095,20.1,20.112,20.185,20.23,20.202,20.174,20.258,20.359,20.359,20.286,20.319,20.308,20.185,20.286,20.297,20.241,20.269,20.28,20.291,20.297,20.303,20.297,20.342,20.375,20.342,20.353,20.336,20.308,20.303,20.308,20.364,20.431,20.454,20.403,20.482,20.538,20.476,20.527,20.622,20.627,20.56,20.588,20.521,20.521,20.65,20.605,20.655,20.633,20.493,20.616,20.616,20.543,20.588,20.661,20.627,20.56,20.577,20.599,20.622,20.594,20.549,20.588,20.555,20.549,20.638,20.566,20.549,20.555,20.515,20.521,20.577,20.594,20.543,20.515,20.566,20.627,20.605,20.549,20.555,20.538,20.476,20.56,20.583,20.555,20.571,20.493,20.566,20.661,20.627,20.678,20.56,20.962,21.927,22.735,23.565,24.171,24.753,26.364,26.771,26.226,26.364,26.808,26.766,25.833,25.065,25.892,26.221,26.385,26.945,25.929,25.658,25.913,25.658,25.823,27.003,27.271,26.099,25.652,26.623,27.176,26.232,25.828,25.727,25.791,25.748,25.764,25.759,25.62,25.466,25.492,25.652,25.7,25.599,25.631,25.626,25.817,26.12,25.865,25.62,25.801,26.083,25.69,25.716,25.982,25.897,25.786,25.855,26.014,26.041,25.823,26.147,26.38,25.956,25.391,25.604,26.528,26.966,26.338,25.77,25.663,25.647,25.476,26.86,28.159,27.774,26.934,26.104,26.067,26.454,26.644,26.38,26.353,26.734,26.046,25.471,25.524,25.796,26.385,26.205,25.396,25.166,26.11,26.449,25.748,25.198,25.177,25.124,25.14,25.332,25.503,25.375,25.754,26.576,26.126,25.225,25.241,26.078,26.539,25.855,25.209,25.69,26.057,26.443,26.279,25.817,25.945,26.057,26.041,25.865,24.743,23.238,23.047,24.036,24.893,25.118,24.77,24.533,23.809,23.151,22.807,22.681,23.293,23.096,22.247,22.142,23.749,23.51,21.905,21.501,21.335,21.551,21.584,21.218,21.046,20.99,21.057,21.118,21.035,20.996,21.096,21.213,21.185,21.057,20.94,20.929,20.906,20.923,21.001,21.085,20.973,20.901,20.979,21.068,21.035,20.94,21.124,21.446,21.196,20.756,20.471,20.415,20.454,20.499,20.538,20.605,20.638,20.683,20.65,20.555,20.532,20.566,20.571,20.515,20.51,20.493,20.499,20.515,20.431,20.437,20.499,20.493,20.426,20.454,20.549,20.583,20.482,20.471,20.476,20.415,20.527,20.756,20.75,20.527,20.577,20.504,20.415,20.471,20.448,20.538,20.588,20.521,20.616,20.566,20.431,20.426,20.459,20.403,20.387,20.482,20.51,20.415,20.364,20.454,20.499,20.504,20.487
20.218,20.162,20.117,20.117,20.134,20.224,20.252,20.19,20.207,20.241,20.28,20.319,20.286,20.235,20.224,20.252,20.263,20.297,20.297,20.252,20.269,20.286,20.286,20.286,20.269,20.319,20.353,20.314,20.291,20.342,20.381,20.342,20.269,20.297,20.387,20.409,20.398,20.364,20.387,20.471,20.532,20.583,20.56,20.521,20.594,20.583,20.56,20.633,20.622,20.599,20.599,20.616,20.627,20.543,20.515,20.611,20.532,20.532,20.616,20.638,20.633,20.583,20.56,20.594,20.538,20.56,20.594,20.56,20.566,20.56,20.543,20.549,20.515,20.543,20.577,20.555,20.549,20.56,20.605,20.638,20.515,20.527,20.555,20.476,20.549,20.638,20.611,20.549,20.594,20.616,20.611,20.644,20.711,20.644,20.633,20.99,22.192,22.823,23.928,25.77,25.881,25.546,25.961,26.755,25.679,25.876,26.057,24.925,25.455,26.269,26.671,26.702,26.449,26.163,25.956,25.812,25.604,26.528,27.155,26.438,25.514,26.057,27.166,27.05,26.115,25.636,25.759,25.7,25.78,25.748,25.631,25.61,25.626,25.647,25.663,25.679,25.652,25.524,25.524,25.695,25.727,25.658,25.716,25.908,25.78,25.844,25.855,25.636,25.642,25.679,25.823,26.03,26.014,25.945,25.77,25.546,25.407,25.503,25.998,26.449,26.237,25.796,25.897,26.353,25.743,26.549,27.575,27.118,26.369,25.77,25.663,25.738,26.099,26.189,26.088,26.131,25.918,25.812,25.706,25.503,25.61,25.428,25.327,25.679,26.327,26.523,25.892,25.236,25.081,24.941,25.273,25.865,25.273,25.482,26.131,26.051,25.594,25.391,25.945,26.591,26.623,25.695,25.311,26.062,26.094,26.549,26.512,25.732,25.743,26.184,25.993,24.968,23.494,23.293,24.452,25.231,25.754,25.78,24.382,22.735,23.222,24.377,23.89,22.252,22.79,22.609,21.85,21.933,23.025,22.845,21.728,21.385,21.001,21.34,21.656,21.307,21.14,21.04,21.068,21.135,21.179,21.118,21.101,21.174,21.035,21.112,21.118,20.867,20.828,20.912,21.012,21.035,20.968,20.934,20.984,21.029,20.945,20.918,21.023,21.157,21.29,20.94,20.487,20.448,20.454,20.543,20.638,20.689,20.75,20.694,20.56,20.51,20.571,20.583,20.543,20.532,20.487,20.465,20.493,20.521,20.532,20.375,20.331,20.499,20.409,20.426,20.532,20.566,20.538,20.487,20.415,20.37,20.543,20.756,20.773,20.655,20.571,20.465,20.437,20.499,20.476,20.515,20.538,20.504,20.51,20.521,20.521,20.51,20.426,20.387,20.415,20.448,20.499,20.443,20.392,20.465,20.543,20.532,20.476
20.112,20.14,20.179,20.134,20.174,20.252,20.263,20.218,20.23,20.196,20.174,20.224,20.224,20.23,20.28,20.336,20.258,20.314,20.331,20.196,20.258,20.275,20.258,20.297,20.269,20.325,20.375,20.347,20.297,20.415,20.471,20.331,20.303,20.28,20.28,20.319,20.392,20.342,20.331,20.482,20.527,20.527,20.532,20.56,20.577,20.633,20.644,20.594,20.605,20.532,20.543,20.672,20.56,20.504,20.549,20.56,20.471,20.527,20.644,20.644,20.616,20.549,20.543,20.599,20.515,20.594,20.622,20.482,20.583,20.56,20.499,20.56,20.543,20.549,20.588,20.622,20.622,20.571,20.555,20.605,20.543,20.515,20.549,20.577,20.527,20.627,20.655,20.527,20.683,20.678,20.577,20.627,20.689,20.689,20.571,20.633,21.656,22.56,23.771,25.134,24.253,24.63,26.269,26.834,25.332,25.642,26.385,25.412,25.113,26.322,27.176,26.565,27.097,26.95,26.443,26.502,26.417,26.438,26.613,26.665,25.849,25.674,26.523,27.087,26.279,25.908,25.934,25.636,25.69,25.865,25.871,25.732,25.738,25.727,25.684,25.647,25.546,25.679,25.759,25.594,25.588,25.69,25.775,25.78,25.839,25.796,25.706,25.7,25.801,25.78,25.786,25.934,25.903,25.828,25.7,25.578,25.583,25.578,25.615,25.743,25.871,26.03,26.602,27.234,26.729,25.956,25.599,25.604,25.562,25.519,25.604,25.775,25.855,25.706,25.476,25.503,26.094,26.163,25.679,25.439,25.46,25.257,25.37,25.924,25.993,26.11,25.892,25.359,25.166,25.097,25.418,25.786,25.043,25.434,26.051,25.562,25.145,25.86,26.602,26.274,26.168,25.706,25.748,26.422,26.401,26.528,26.417,25.897,25.487,26.104,26.094,24.77,24.226,24.947,25.727,25.471,25.604,25.444,23.662,21.667,23.32,25.471,24.748,22.296,21.534,21.412,21.899,22.34,21.811,22.104,22.263,21.429,21.096,21.529,21.888,21.54,21.335,21.201,21.146,21.112,21.196,21.213,21.112,21.029,20.918,21.101,21.168,20.89,20.851,20.973,21.051,21.001,21.04,21.057,21.035,21.012,20.901,20.895,20.996,21.112,21.606,21.318,20.661,20.588,20.504,20.527,20.627,20.683,20.7,20.622,20.51,20.482,20.583,20.571,20.504,20.527,20.487,20.471,20.487,20.493,20.532,20.415,20.342,20.443,20.409,20.465,20.527,20.499,20.499,20.443,20.398,20.443,20.51,20.644,20.739,20.733,20.627,20.493,20.454,20.487,20.504,20.532,20.549,20.543,20.437,20.521,20.622,20.532,20.426,20.465,20.51,20.431,20.454,20.476,20.493,20.521,20.504,20.532,20.571
20.112,20.145,20.218,20.168,20.174,20.19,20.23,20.263,20.275,20.185,20.185,20.314,20.196,20.314,20.431,20.303,20.303,20.314,20.269,20.213,20.269,20.23,20.241,20.381,20.336,20.37,20.459,20.465,20.415,20.448,20.431,20.314,20.314,20.314,20.314,20.336,20.37,20.398,20.443,20.504,20.51,20.487,20.549,20.661,20.577,20.577,20.611,20.571,20.549,20.56,20.555,20.515,20.521,20.549,20.549,20.532,20.571,20.633,20.65,20.627,20.594,20.616,20.583,20.493,20.499,20.577,20.605,20.577,20.661,20.616,20.499,20.487,20.532,20.583,20.611,20.627,20.633,20.577,20.521,20.543,20.594,20.549,20.527,20.605,20.487,20.543,20.622,20.555,20.616,20.644,20.605,20.583,20.627,20.739,20.728,20.661,20.795,22.373,23.76,23.738,24.209,24.931,26.014,26.95,26.771,26.602,26.364,25.817,24.882,25.748,27.013,26.839,27.26,27.26,26.918,26.871,27.286,27.145,26.855,26.934,26.083,25.61,25.993,26.375,26.104,26.057,26.03,25.732,25.636,26.099,26.189,25.61,25.732,25.887,25.77,25.567,25.535,25.727,25.865,25.791,25.732,25.722,25.786,25.849,25.796,25.7,25.727,25.839,25.754,25.668,25.695,25.759,25.695,25.631,25.658,25.727,25.684,25.706,25.61,25.46,25.801,26.528,26.955,26.787,26.221,25.679,25.508,25.514,25.514,25.588,25.583,25.471,25.37,25.156,25.476,26.221,26.507,26.088,25.636,25.727,25.492,25.091,25.145,25.61,25.796,25.796,25.647,25.546,25.498,25.487,25.439,25.359,25.359,25.311,25.375,25.594,25.668,26.184,26.21,25.572,25.748,26.046,26.332,26.597,26.723,26.57,26.295,26.088,25.268,25.684,26.311,25.844,25.775,25.828,25.77,25.519,25.193,24.872,23.765,22.428,23.047,24.753,24.463,22.208,21.396,21.235,22.148,23.113,22.087,22.032,22.17,21.34,21.723,22.368,22.324,21.75,21.385,21.279,21.257,21.085,21.001,21.062,21.062,20.918,20.984,21.012,21.035,21.101,21.029,21.135,21.168,20.996,21.068,21.001,20.957,21.079,21.023,20.968,21.029,21.224,21.866,21.756,21.035,20.722,20.549,20.487,20.56,20.633,20.588,20.599,20.594,20.527,20.555,20.515,20.482,20.521,20.482,20.487,20.521,20.515,20.403,20.543,20.605,20.398,20.375,20.487,20.555,20.493,20.448,20.431,20.459,20.504,20.465,20.65,20.839,20.8,20.817,20.605,20.415,20.482,20.549,20.476,20.409,20.487,20.426,20.465,20.515,20.471,20.482,20.482,20.454,20.437,20.403,20.403,20.499,20.588,20.499,20.51,20.583
20.185,20.168,20.174,20.145,20.174,20.196,20.235,20.297,20.325,20.117,20.095,20.37,20.218,20.213,20.347,20.364,20.331,20.28,20.246,20.263,20.353,20.308,20.258,20.336,20.303,20.336,20.409,20.42,20.353,20.392,20.403,20.297,20.347,20.331,20.275,20.297,20.353,20.364,20.398,20.493,20.448,20.476,20.555,20.583,20.549,20.588,20.588,20.499,20.527,20.571,20.577,20.566,20.56,20.577,20.583,20.566,20.56,20.594,20.644,20.655,20.611,20.605,20.588,20.538,20.566,20.583,20.549,20.515,20.532,20.599,20.605,20.543,20.527,20.527,20.538,20.56,20.627,20.571,20.482,20.504,20.538,20.465,20.471,20.616,20.515,20.465,20.521,20.577,20.588,20.594,20.616,20.661,20.666,20.706,20.717,20.683,20.443,21.91,23.939,24.571,24.501,24.323,25.268,26.734,27.124,26.046,25.53,26.412,25.684,25.011,25.791,27.171,27.58,27.292,27.071,27.334,27.034,27.029,27.265,27.192,26.47,26.502,26.533,25.807,25.7,25.972,26.11,25.887,25.722,25.924,26.126,25.977,25.844,25.828,25.78,25.615,25.588,25.684,25.732,25.668,25.658,25.668,25.674,25.668,25.658,25.658,25.663,25.668,25.636,25.679,25.727,25.69,25.604,25.412,25.434,25.663,25.594,25.599,25.599,25.519,25.583,25.945,26.157,25.998,25.844,25.503,25.3,25.37,25.412,25.396,25.492,25.668,25.439,25.284,25.524,25.903,26.21,26.088,25.642,25.402,25.316,25.129,25.209,25.567,25.626,25.476,25.519,25.796,25.61,25.535,25.54,25.434,25.391,25.156,25.107,25.407,25.572,26.221,26.163,25.343,25.94,26.406,26.443,26.512,26.512,26.025,25.908,26.353,25.652,25.37,25.807,26.035,25.316,25.658,25.934,24.952,24.031,24.484,24.409,22.801,22.208,24.242,25.011,22.664,21.612,21.335,22.197,22.987,21.905,21.335,21.888,22.461,23.407,22.845,21.507,21.213,21.062,21.335,21.407,21.057,21.085,21.057,20.912,20.851,21.001,21.057,21.085,21.174,21.012,21.068,21.213,21.151,21.107,20.973,20.823,20.795,20.957,21.062,21.029,21.04,21.235,21.678,21.496,20.728,20.521,20.476,20.493,20.51,20.594,20.583,20.538,20.56,20.51,20.532,20.566,20.532,20.415,20.443,20.566,20.577,20.487,20.532,20.566,20.454,20.409,20.437,20.487,20.493,20.476,20.482,20.448,20.409,20.499,20.583,20.678,20.784,20.812,20.661,20.471,20.437,20.504,20.42,20.364,20.493,20.504,20.476,20.504,20.566,20.51,20.459,20.42,20.392,20.465,20.471,20.487,20.571,20.499,20.443,20.443
20.19,20.157,20.145,20.14,20.157,20.213,20.303,20.347,20.19,20.084,20.179,20.303,20.224,20.207,20.246,20.252,20.246,20.275,20.297,20.291,20.297,20.319,20.28,20.202,20.235,20.319,20.392,20.42,20.359,20.375,20.364,20.263,20.359,20.336,20.263,20.291,20.28,20.331,20.426,20.476,20.454,20.499,20.538,20.504,20.538,20.571,20.543,20.487,20.527,20.532,20.571,20.655,20.538,20.56,20.616,20.549,20.56,20.622,20.678,20.683,20.633,20.588,20.566,20.549,20.532,20.555,20.594,20.594,20.543,20.532,20.566,20.577,20.588,20.577,20.532,20.521,20.588,20.611,20.538,20.476,20.487,20.482,20.515,20.594,20.549,20.487,20.532,20.633,20.583,20.599,20.638,20.622,20.616,20.622,20.65,20.678,20.437,21.062,23.145,25.043,24.931,24.915,25.695,26.507,27.103,26.014,25.594,26.955,26.486,25.156,25.295,26.866,27.244,26.839,26.771,27.418,27.302,26.971,27.018,27.391,27.381,27.475,27.239,26.607,26.025,25.791,25.78,25.647,25.77,25.913,25.929,25.881,25.78,25.668,25.652,25.722,25.817,25.796,25.69,25.652,25.551,25.562,25.631,25.647,25.679,25.764,25.759,25.652,25.54,25.652,25.748,25.626,25.519,25.668,25.759,25.583,25.492,25.567,25.738,25.791,25.567,25.535,25.652,25.61,25.439,25.316,25.343,25.412,25.38,25.38,25.556,25.77,25.53,25.594,25.839,25.817,25.631,25.61,25.535,25.263,25.289,25.22,25.172,25.305,25.476,25.503,25.466,25.514,25.386,25.327,25.418,25.498,25.3,25.551,25.732,25.444,25.524,26.014,25.972,25.37,25.722,26.295,26.502,26.364,26.126,25.966,26.131,26.327,26.083,25.471,25.535,26.189,25.615,25.487,24.984,23.836,24.29,24.468,24.414,24.441,22.456,22.927,23.901,22.692,22.982,22.324,21.756,22.225,21.174,21.551,23.058,23.537,23.069,21.883,21.029,20.979,21.035,21.318,21.318,21.007,21.057,21.062,20.968,20.923,20.968,21.018,21.062,21.101,20.996,20.984,21.124,21.201,20.923,20.839,20.862,20.761,20.945,21.118,20.979,20.722,20.56,21.568,22.021,21.029,20.594,20.482,20.538,20.51,20.599,20.583,20.515,20.538,20.51,20.532,20.555,20.521,20.448,20.465,20.51,20.493,20.493,20.493,20.504,20.527,20.465,20.499,20.504,20.409,20.471,20.487,20.443,20.443,20.493,20.678,20.8,20.761,20.806,20.733,20.56,20.471,20.465,20.448,20.471,20.538,20.521,20.465,20.471,20.538,20.487,20.471,20.476,20.459,20.504,20.555,20.499,20.398,20.443,20.493,20.499
20.185,20.179,20.162,20.179,20.151,20.235,20.347,20.342,20.112,20.174,20.331,20.252,20.28,20.263,20.218,20.207,20.202,20.28,20.336,20.297,20.218,20.28,20.319,20.235,20.263,20.353,20.415,20.42,20.375,20.347,20.325,20.297,20.347,20.331,20.297,20.325,20.263,20.359,20.465,20.431,20.448,20.499,20.51,20.476,20.499,20.532,20.532,20.515,20.521,20.521,20.571,20.655,20.543,20.566,20.627,20.566,20.611,20.638,20.644,20.661,20.605,20.594,20.588,20.521,20.465,20.549,20.655,20.638,20.627,20.543,20.499,20.56,20.588,20.661,20.638,20.538,20.543,20.622,20.611,20.499,20.51,20.566,20.588,20.566,20.56,20.543,20.577,20.638,20.583,20.638,20.644,20.521,20.594,20.611,20.594,20.644,20.594,20.448,21.971,24.506,25.503,25.519,25.567,26.285,26.845,26.66,26.47,26.913,26.918,26.205,25.668,25.972,26.433,26.496,26.539,27.045,27.768,27.496,26.771,26.866,27.554,27.972,27.695,27.281,26.755,26.496,26.221,25.732,25.658,26.078,26.316,26.019,25.764,25.551,25.626,25.844,25.892,25.807,25.722,25.743,25.642,25.567,25.663,25.817,25.764,25.796,25.855,25.796,25.668,25.615,25.594,25.54,25.519,25.903,25.998,25.567,25.503,25.62,25.839,25.961,25.791,25.652,25.679,25.695,25.396,25.268,25.412,25.519,25.434,25.562,25.711,25.626,25.45,25.679,25.929,25.743,25.354,25.316,25.428,25.284,25.279,25.284,25.305,25.38,25.636,25.626,25.338,25.166,25.166,25.268,25.316,25.343,25.679,26.306,26.163,25.38,25.482,25.865,25.972,25.77,25.647,25.934,26.279,26.232,25.966,26.057,26.306,26.269,26.237,25.77,25.711,26.295,26.66,25.535,23.814,23.472,25.305,24.527,23.521,24.898,23.537,22.269,22.142,22.461,23.744,22.741,21.39,22.197,22.34,23.042,23.467,22.916,21.396,20.851,21.235,21.168,21.168,21.196,21.162,21.079,20.973,21.046,21.162,21.124,20.962,20.99,21.096,21.068,21.151,21.057,20.957,21.018,20.806,20.806,21.018,21.112,21.062,20.99,20.851,20.689,20.532,21.213,21.811,21.485,20.884,20.566,20.594,20.555,20.605,20.577,20.51,20.515,20.521,20.521,20.504,20.487,20.527,20.515,20.448,20.42,20.437,20.459,20.487,20.527,20.476,20.549,20.538,20.364,20.437,20.443,20.415,20.482,20.459,20.778,21.018,20.873,20.895,20.851,20.7,20.577,20.459,20.521,20.599,20.532,20.487,20.476,20.454,20.42,20.493,20.499,20.476,20.51,20.471,20.515,20.476,20.342,20.42,20.566,20.627
20.235,20.252,20.196,20.23,20.207,20.258,20.314,20.297,20.252,20.291,20.331,20.308,20.359,20.269,20.235,20.359,20.297,20.28,20.319,20.331,20.291,20.286,20.353,20.415,20.364,20.375,20.398,20.359,20.319,20.286,20.325,20.392,20.364,20.336,20.331,20.347,20.353,20.415,20.437,20.387,20.398,20.471,20.499,20.471,20.448,20.521,20.577,20.543,20.532,20.577,20.611,20.588,20.616,20.622,20.627,20.65,20.644,20.56,20.543,20.633,20.571,20.627,20.65,20.527,20.515,20.599,20.616,20.538,20.616,20.622,20.566,20.555,20.521,20.655,20.711,20.566,20.538,20.588,20.599,20.538,20.538,20.571,20.577,20.566,20.571,20.538,20.532,20.583,20.583,20.65,20.638,20.538,20.678,20.666,20.588,20.655,20.644,20.403,21.529,23.803,25.892,24.952,24.09,26.057,26.602,26.95,26.86,26.586,27.244,26.897,25.786,25.455,26.062,26.613,26.681,26.776,27.58,28.055,27.176,26.051,26.739,28.076,27.951,26.676,26.882,27.596,27.465,26.486,25.583,26.078,26.982,26.723,25.966,25.567,25.78,25.918,25.732,25.599,25.674,25.775,25.865,25.684,25.631,25.887,25.711,25.668,25.791,25.833,25.86,25.631,25.418,25.492,25.61,25.69,25.647,25.594,25.572,25.62,25.77,25.903,25.956,25.775,25.604,25.636,25.62,25.396,25.327,25.535,25.487,25.658,25.748,25.535,25.375,25.572,25.679,25.428,25.535,25.658,25.471,25.166,25.177,25.364,25.663,25.897,26.003,25.556,25.177,25.343,25.279,25.487,25.444,25.172,26.295,26.607,25.716,25.124,25.348,25.892,26.248,26.279,26.21,25.86,25.812,26.173,26.073,25.786,25.94,26.433,26.248,25.918,25.865,26.083,26.845,25.514,23.825,24.198,25.327,24.279,22.801,23.385,24.042,22.894,21.761,22.505,23.189,22.192,21.573,23.009,24.882,24.166,21.982,21.473,21.035,21.135,21.362,21.24,21.101,21.062,21.168,21.246,21.029,21.023,21.224,21.263,21.018,21.051,21.201,21.135,21.318,21.174,20.89,20.879,20.968,20.945,21.057,21.329,21.129,20.828,20.778,20.901,20.823,20.717,21.118,21.695,21.201,20.7,20.555,20.527,20.633,20.577,20.482,20.543,20.504,20.532,20.543,20.487,20.527,20.51,20.476,20.504,20.465,20.454,20.476,20.487,20.454,20.487,20.499,20.437,20.443,20.426,20.387,20.398,20.476,20.733,20.962,21.001,20.984,20.957,20.823,20.627,20.476,20.549,20.605,20.471,20.51,20.538,20.465,20.409,20.549,20.504,20.392,20.448,20.459,20.42,20.426,20.499,20.476,20.515,20.566
20.19,20.235,20.235,20.213,20.275,20.196,20.202,20.375,20.241,20.179,20.235,20.258,20.263,20.246,20.258,20.314,20.359,20.347,20.331,20.353,20.37,20.291,20.235,20.303,20.308,20.269,20.291,20.375,20.297,20.319,20.415,20.426,20.415,20.359,20.303,20.308,20.336,20.403,20.415,20.387,20.387,20.409,20.471,20.543,20.594,20.549,20.555,20.661,20.566,20.555,20.594,20.549,20.56,20.605,20.622,20.605,20.627,20.532,20.56,20.75,20.672,20.633,20.611,20.538,20.583,20.555,20.515,20.56,20.638,20.605,20.515,20.51,20.577,20.622,20.616,20.611,20.594,20.599,20.571,20.51,20.476,20.56,20.599,20.521,20.515,20.571,20.611,20.588,20.527,20.577,20.638,20.616,20.672,20.577,20.532,20.666,20.672,20.566,21.107,22.445,25.145,25.124,24.495,26.094,26.221,26.686,26.955,26.681,27.433,27.045,25.982,25.865,26.443,26.422,26.343,26.908,27.061,27.501,27.234,26.274,26.242,27.538,28.008,26.855,26.242,27.04,27.92,27.402,26.083,25.743,26.401,26.539,26.051,25.69,25.791,25.95,25.807,25.572,25.62,25.897,26.019,25.727,25.54,25.764,25.652,25.706,25.791,25.695,25.652,25.567,25.572,25.674,25.706,25.679,25.642,25.642,25.647,25.53,25.524,25.706,25.849,25.78,25.567,25.503,25.674,25.535,25.407,25.61,25.583,25.535,25.546,25.583,25.471,25.482,25.711,25.956,26.094,26.041,25.578,25.113,25.375,25.476,25.636,26.094,26.359,25.865,25.407,25.626,25.407,25.53,25.599,25.348,25.839,25.945,25.54,25.343,25.412,25.61,26.195,26.86,26.929,25.631,25.204,26.443,26.2,26.173,26.311,26.179,26.258,26.766,26.163,24.689,25.3,25.375,25.113,25.412,25.503,23.852,22.368,22.905,24.554,23.391,21.485,22.225,23.613,22.938,21.855,22.839,24.77,23.652,21.279,21.285,21.201,21.157,21.201,21.301,21.185,20.979,21.007,21.207,21.124,20.99,21.073,21.263,21.135,21.04,21.007,20.957,20.962,20.945,21.04,21.229,21.263,21.09,20.923,20.929,20.828,20.918,20.957,20.789,20.784,20.8,21.207,21.745,21.418,20.795,20.504,20.588,20.51,20.56,20.611,20.543,20.504,20.515,20.543,20.538,20.521,20.476,20.454,20.482,20.499,20.42,20.426,20.566,20.521,20.527,20.521,20.448,20.42,20.487,20.482,20.398,20.588,20.8,20.823,20.75,20.733,20.851,20.806,20.549,20.459,20.571,20.583,20.398,20.515,20.538,20.454,20.454,20.459,20.448,20.443,20.459,20.493,20.403,20.375,20.499,20.532,20.459,20.387
20.151,20.157,20.185,20.224,20.207,20.19,20.252,20.336,20.275,20.179,20.157,20.207,20.275,20.252,20.213,20.258,20.331,20.353,20.291,20.246,20.336,20.347,20.286,20.286,20.314,20.269,20.269,20.359,20.37,20.409,20.415,20.375,20.303,20.319,20.392,20.398,20.308,20.325,20.398,20.392,20.398,20.403,20.437,20.493,20.515,20.56,20.616,20.638,20.599,20.56,20.571,20.611,20.605,20.588,20.594,20.605,20.538,20.549,20.633,20.672,20.65,20.633,20.583,20.515,20.605,20.594,20.51,20.521,20.611,20.588,20.515,20.549,20.633,20.611,20.549,20.583,20.571,20.549,20.543,20.571,20.56,20.527,20.538,20.594,20.515,20.594,20.666,20.583,20.594,20.627,20.627,20.605,20.638,20.644,20.644,20.672,20.605,20.605,20.672,21.118,23.619,25.476,25.876,26.136,26.359,26.834,27.055,26.866,27.029,26.866,26.338,26.094,26.924,26.459,25.94,26.797,27.018,27.454,27.512,26.976,26.147,26.839,27.836,27.37,26.03,26.094,27.339,27.638,26.613,25.738,25.796,26.073,26.062,25.855,25.7,25.764,25.94,25.78,25.626,25.817,25.855,25.738,25.53,25.434,25.535,25.754,25.796,25.674,25.679,25.748,25.732,25.62,25.604,25.567,25.556,25.615,25.62,25.45,25.338,25.444,25.588,25.663,25.572,25.471,25.578,25.594,25.546,25.556,25.412,25.471,25.642,25.652,25.455,25.439,25.743,26.025,26.136,25.855,25.466,25.407,25.562,25.631,25.7,25.908,26.157,25.812,25.37,25.498,25.796,25.695,25.322,25.241,25.396,25.732,26.083,26.221,25.727,25.391,25.918,26.634,26.391,25.743,25.727,26.258,25.823,26.11,26.528,26.242,26.364,26.512,25.823,24.743,24.662,25.407,26.041,25.77,24.414,23.635,23.342,22.845,23.923,23.45,21.778,21.523,23.988,23.961,22.054,21.977,23.32,22.932,21.374,21.085,21.446,21.446,21.251,21.368,21.146,20.918,20.918,21.068,21.301,21.185,21.057,21.268,21.268,21.135,20.945,20.823,20.778,20.8,20.94,21.09,21.001,20.918,20.867,20.8,20.756,20.912,20.94,20.733,20.817,20.806,20.979,21.329,21.129,20.733,20.566,20.633,20.504,20.566,20.65,20.555,20.56,20.543,20.538,20.583,20.588,20.482,20.437,20.543,20.549,20.493,20.465,20.515,20.549,20.555,20.515,20.471,20.471,20.487,20.51,20.543,20.638,20.817,20.856,20.75,20.767,20.767,20.638,20.493,20.521,20.627,20.611,20.493,20.56,20.577,20.493,20.426,20.431,20.443,20.431,20.437,20.532,20.515,20.465,20.504,20.415,20.403,20.448
20.207,20.157,20.112,20.196,20.134,20.224,20.308,20.224,20.269,20.252,20.202,20.213,20.314,20.246,20.162,20.252,20.336,20.308,20.224,20.246,20.303,20.359,20.359,20.336,20.325,20.359,20.364,20.325,20.387,20.415,20.381,20.336,20.213,20.314,20.454,20.403,20.314,20.303,20.37,20.398,20.403,20.431,20.431,20.398,20.364,20.527,20.644,20.56,20.611,20.588,20.571,20.638,20.622,20.577,20.571,20.599,20.493,20.555,20.599,20.487,20.521,20.594,20.588,20.538,20.588,20.633,20.577,20.499,20.611,20.622,20.555,20.577,20.605,20.616,20.566,20.504,20.487,20.521,20.577,20.611,20.627,20.527,20.51,20.638,20.538,20.571,20.633,20.577,20.611,20.638,20.605,20.566,20.644,20.711,20.689,20.638,20.543,20.566,20.538,20.655,21.866,24.829,26.708,26.295,25.881,26.11,26.771,26.924,26.375,26.634,26.708,25.897,26.269,26.56,26.57,26.676,26.882,27.344,27.58,27.318,26.491,26.295,27.176,27.8,26.739,25.871,26.364,27.16,26.976,26.189,25.642,25.727,25.855,25.998,25.86,25.615,25.865,25.934,25.716,25.588,25.556,25.849,25.887,25.514,25.54,25.706,25.775,25.722,25.78,25.876,25.775,25.54,25.519,25.46,25.519,25.706,25.626,25.476,25.423,25.46,25.428,25.519,25.572,25.476,25.423,25.508,25.567,25.466,25.263,25.476,25.738,25.604,25.343,25.492,25.77,25.722,25.812,25.524,25.322,25.562,25.572,25.748,25.748,25.482,25.471,25.631,25.562,25.322,25.865,25.722,25.193,25.268,25.53,26.014,26.438,26.539,25.966,25.519,25.738,26.062,25.588,25.871,26.258,25.881,25.716,25.738,26.003,26.184,25.833,25.402,25.476,25.764,25.129,25.503,25.535,24.274,23.527,23.982,24.047,22.927,22.982,23.358,22.615,21.424,23.222,23.998,22.648,21.518,21.999,22.395,21.778,21.001,21.485,21.695,21.374,21.185,21.096,21.107,21.118,21.096,21.257,21.201,21.085,21.157,21.174,21.101,20.951,20.845,20.884,20.901,20.845,20.795,20.689,20.867,21.04,20.94,20.884,20.806,20.745,20.745,20.862,20.756,20.661,20.812,20.984,20.929,20.694,20.594,20.56,20.577,20.566,20.527,20.571,20.555,20.532,20.577,20.577,20.476,20.459,20.583,20.566,20.555,20.521,20.459,20.51,20.538,20.499,20.471,20.493,20.454,20.487,20.622,20.583,20.733,20.862,20.778,20.795,20.7,20.583,20.583,20.599,20.666,20.666,20.583,20.56,20.577,20.515,20.392,20.482,20.471,20.392,20.426,20.476,20.521,20.515,20.471,20.336,20.398,20.527
20.291,20.241,20.129,20.129,20.202,20.23,20.207,20.207,20.179,20.241,20.286,20.246,20.241,20.196,20.185,20.258,20.437,20.325,20.23,20.415,20.353,20.286,20.291,20.314,20.297,20.381,20.42,20.331,20.286,20.364,20.426,20.37,20.303,20.375,20.387,20.252,20.342,20.364,20.353,20.409,20.403,20.448,20.459,20.403,20.426,20.504,20.577,20.599,20.594,20.583,20.577,20.566,20.521,20.549,20.583,20.555,20.549,20.538,20.504,20.487,20.487,20.555,20.611,20.611,20.583,20.588,20.583,20.566,20.672,20.655,20.555,20.543,20.555,20.605,20.577,20.487,20.476,20.583,20.627,20.56,20.56,20.566,20.571,20.566,20.543,20.543,20.577,20.605,20.51,20.515,20.588,20.611,20.683,20.627,20.555,20.605,20.588,20.638,20.661,20.689,20.661,23.396,26.353,26.512,24.775,24.506,26.051,26.818,26.205,26.576,26.86,25.908,25.161,26.496,27.732,26.934,26.295,26.576,27.192,27.092,26.818,26.051,26.428,27.768,27.381,26.279,26.073,26.866,27.26,26.613,25.722,25.674,25.631,26.083,26.232,25.764,25.69,25.844,25.833,25.594,25.535,25.988,26.285,26.003,25.684,25.62,25.722,25.679,25.663,25.743,25.78,25.69,25.594,25.487,25.636,25.918,25.732,25.551,25.588,25.652,25.439,25.444,25.535,25.439,25.391,25.428,25.492,25.498,25.423,25.53,25.631,25.53,25.354,25.535,25.801,25.775,25.823,25.695,25.439,25.343,25.551,25.775,25.62,25.279,25.065,25.759,26.147,25.546,25.556,25.599,25.62,25.706,25.865,25.993,26.03,26.03,26.009,25.78,25.796,26.11,25.881,25.668,25.716,25.871,26.189,25.663,25.268,25.679,24.936,25.011,25.743,25.833,25.14,25.295,24.624,22.817,24.02,24.366,23.401,22.927,22.894,23.608,23.407,22.093,21.877,23.26,23.581,21.955,21.678,21.861,21.761,21.313,21.468,21.606,21.296,20.901,21.162,21.451,21.451,21.296,21.012,20.912,20.973,20.957,20.94,20.879,20.851,20.901,20.934,21.023,21.023,20.929,20.879,21.14,21.213,20.895,20.856,20.778,20.694,20.706,20.789,20.834,20.728,20.683,21.39,21.385,20.756,20.549,20.532,20.56,20.538,20.493,20.504,20.515,20.532,20.555,20.465,20.437,20.499,20.532,20.543,20.504,20.493,20.532,20.487,20.504,20.51,20.443,20.437,20.493,20.538,20.538,20.555,20.683,20.694,20.549,20.538,20.638,20.733,20.717,20.633,20.678,20.683,20.543,20.51,20.504,20.482,20.454,20.521,20.482,20.415,20.454,20.387,20.381,20.42,20.426,20.454,20.426,20.387
20.297,20.213,20.134,20.185,20.207,20.202,20.213,20.258,20.179,20.196,20.246,20.213,20.112,20.185,20.28,20.241,20.392,20.375,20.28,20.325,20.241,20.258,20.314,20.291,20.308,20.269,20.269,20.353,20.387,20.398,20.331,20.246,20.269,20.387,20.403,20.303,20.303,20.375,20.426,20.42,20.437,20.51,20.487,20.37,20.403,20.499,20.56,20.566,20.543,20.504,20.493,20.527,20.487,20.532,20.577,20.543,20.549,20.594,20.616,20.588,20.476,20.577,20.65,20.521,20.583,20.566,20.51,20.543,20.622,20.594,20.532,20.577,20.616,20.622,20.605,20.605,20.627,20.599,20.56,20.56,20.571,20.532,20.515,20.583,20.566,20.499,20.538,20.666,20.611,20.521,20.538,20.622,20.627,20.594,20.583,20.622,20.616,20.683,20.739,20.711,20.168,22.483,25.727,26.528,25.748,24.333,24.807,26.613,26.56,26.533,26.813,26.871,26.067,26.702,27.774,27.507,26.702,26.29,26.465,26.602,27.145,26.708,26.216,26.708,27.124,26.597,26.073,26.554,27.418,27.25,26.29,25.913,25.77,26.03,26.348,26.306,25.828,25.674,26.046,26.285,25.828,25.594,25.892,26.141,25.759,25.567,25.652,25.658,25.668,25.716,25.658,25.508,25.364,25.364,25.626,25.871,25.69,25.53,25.466,25.402,25.38,25.412,25.482,25.53,25.487,25.418,25.428,25.508,25.487,26.041,26.29,25.764,25.54,25.354,25.556,25.977,25.908,25.913,25.807,25.53,25.599,25.508,25.359,25.37,25.134,25.658,26.088,25.748,25.855,26.03,25.982,25.833,25.966,25.812,25.929,26.47,26.422,25.817,25.801,26.48,26.078,25.514,25.444,25.69,25.78,25.391,25.113,25.343,25.198,25.46,25.812,25.668,24.984,24.253,23.961,23.961,24.08,24.074,23.738,23.287,22.423,23.885,24.538,22.428,21.046,22.845,24.258,22.483,21.307,21.19,21.844,21.971,21.568,21.285,21.096,20.845,20.962,21.59,21.888,21.49,20.99,20.728,20.823,20.895,20.856,20.873,20.884,20.839,20.812,21.062,21.151,20.895,20.839,20.884,20.901,20.839,20.834,20.845,20.784,20.7,20.745,20.75,20.678,20.722,21.518,21.279,20.543,20.599,20.527,20.555,20.588,20.543,20.499,20.493,20.499,20.487,20.549,20.487,20.443,20.538,20.543,20.51,20.459,20.426,20.42,20.482,20.515,20.482,20.465,20.538,20.532,20.431,20.51,20.694,20.694,20.538,20.722,20.828,20.761,20.722,20.75,20.789,20.728,20.599,20.543,20.465,20.426,20.459,20.549,20.527,20.409,20.364,20.431,20.415,20.42,20.538,20.459,20.465,20.527
20.258,20.246,20.202,20.162,20.179,20.196,20.185,20.162,20.196,20.213,20.218,20.246,20.269,20.314,20.331,20.308,20.325,20.28,20.246,20.275,20.202,20.23,20.303,20.297,20.364,20.308,20.275,20.392,20.482,20.443,20.331,20.314,20.291,20.336,20.359,20.331,20.342,20.336,20.398,20.515,20.487,20.437,20.437,20.482,20.521,20.555,20.543,20.515,20.499,20.577,20.633,20.594,20.51,20.611,20.672,20.538,20.56,20.616,20.644,20.644,20.594,20.633,20.633,20.532,20.555,20.583,20.555,20.527,20.627,20.633,20.56,20.56,20.521,20.549,20.611,20.622,20.583,20.56,20.611,20.655,20.588,20.499,20.51,20.588,20.56,20.51,20.543,20.627,20.661,20.599,20.555,20.605,20.633,20.638,20.633,20.633,20.588,20.616,20.694,20.739,20.42,21.274,23.521,25.359,26.168,25.567,24.963,25.61,26.66,26.396,26.152,27.124,26.803,26.607,27.113,27.632,27.213,26.734,26.676,26.855,27.344,26.808,25.956,25.982,26.11,26.126,26.195,26.507,27.108,27.145,26.56,26.2,26.147,26.025,26.2,26.628,26.385,26.237,26.433,26.597,26.316,25.759,25.695,26.083,25.812,25.652,25.69,25.658,25.604,25.706,25.738,25.588,25.482,25.444,25.503,25.572,25.599,25.498,25.391,25.412,25.503,25.46,25.439,25.578,25.604,25.556,25.61,25.817,26.115,26.316,26.11,25.743,25.498,25.37,25.572,25.86,25.743,25.817,25.801,25.498,25.514,25.412,25.396,25.567,25.359,25.402,25.615,25.695,25.966,26.11,26.131,26.205,26.014,26.083,26.359,26.438,26.216,25.786,25.823,26.237,26.035,25.61,25.647,26.046,25.865,25.14,24.694,24.979,25.631,25.61,25.471,25.759,24.807,23.293,23.652,25.263,24.231,23.189,23.467,24.026,22.927,23.749,24.139,22.181,20.94,22.263,23.971,23.401,21.922,21.057,21.651,22.236,21.429,21.096,21.59,21.861,21.39,21.424,21.612,21.263,20.851,20.906,21.146,21.035,20.873,20.778,20.867,20.996,20.873,20.884,20.979,20.951,20.856,20.722,20.706,20.778,20.761,20.773,20.739,20.655,20.644,20.633,20.672,20.823,21.201,21.662,21.424,20.722,20.538,20.549,20.577,20.538,20.583,20.521,20.459,20.521,20.577,20.532,20.493,20.555,20.532,20.487,20.471,20.493,20.487,20.426,20.437,20.532,20.454,20.521,20.555,20.454,20.588,20.745,20.745,20.689,20.8,20.851,20.817,20.834,20.879,20.845,20.711,20.599,20.571,20.521,20.476,20.482,20.527,20.499,20.431,20.426,20.443,20.56,20.594,20.499,20.465,20.459,20.471
20.19,20.258,20.263,20.157,20.168,20.196,20.145,20.084,20.185,20.213,20.213,20.308,20.443,20.398,20.286,20.314,20.291,20.218,20.19,20.235,20.202,20.241,20.308,20.319,20.325,20.364,20.392,20.381,20.431,20.403,20.364,20.387,20.325,20.291,20.291,20.303,20.415,20.347,20.331,20.527,20.443,20.387,20.454,20.532,20.538,20.549,20.549,20.532,20.521,20.644,20.711,20.627,20.571,20.661,20.683,20.538,20.566,20.583,20.588,20.627,20.627,20.599,20.583,20.594,20.504,20.583,20.627,20.51,20.583,20.599,20.555,20.543,20.465,20.499,20.555,20.51,20.471,20.515,20.616,20.65,20.527,20.504,20.56,20.56,20.527,20.532,20.56,20.571,20.594,20.627,20.605,20.56,20.65,20.661,20.594,20.594,20.577,20.549,20.571,20.638,20.711,20.521,21.59,23.749,25.273,26.465,25.892,24.689,26.428,26.713,25.77,25.903,26.163,26.422,26.734,27.134,27.543,27.622,27.538,27.596,27.391,26.871,26.507,26.454,25.86,25.801,26.443,26.897,26.755,26.544,26.422,26.364,26.618,26.359,26.041,26.253,26.48,26.48,26.338,26.364,26.523,26.11,25.732,25.934,25.812,25.748,25.844,25.929,25.833,25.775,25.791,25.77,25.679,25.578,25.503,25.476,25.578,25.514,25.476,25.62,25.594,25.439,25.375,25.487,25.54,25.732,25.956,26.067,26.343,25.892,25.354,25.466,25.311,25.46,25.615,25.498,25.674,25.674,25.476,25.396,25.503,25.684,25.711,25.642,25.817,25.849,25.69,25.631,25.77,25.956,26.263,26.554,26.221,26.242,26.295,25.966,25.94,25.892,25.828,25.823,25.775,25.839,26.099,26.295,26.147,25.134,24.436,24.872,25.796,25.492,25.14,25.796,24.893,23.548,23.722,24.855,24.198,22.56,22.834,24.716,23.896,23.069,22.615,22.054,21.717,21.916,22.927,23.744,22.861,21.557,21.285,21.75,21.296,21.157,22.004,22.807,21.844,21.001,20.973,21.062,20.918,21.179,21.39,21.14,20.89,20.778,20.929,21.079,20.929,20.706,20.739,20.934,20.806,20.728,20.733,20.717,20.706,20.661,20.633,20.655,20.594,20.594,20.7,20.8,20.745,21.557,21.85,20.968,20.678,20.566,20.549,20.521,20.577,20.566,20.527,20.555,20.532,20.532,20.543,20.532,20.51,20.471,20.499,20.566,20.515,20.409,20.409,20.499,20.431,20.482,20.538,20.487,20.549,20.683,20.745,20.7,20.689,20.706,20.8,20.901,20.834,20.739,20.65,20.571,20.549,20.571,20.532,20.437,20.437,20.487,20.527,20.521,20.387,20.56,20.644,20.398,20.465,20.465,20.403
20.151,20.185,20.258,20.252,20.196,20.162,20.168,20.174,20.162,20.157,20.218,20.325,20.336,20.314,20.258,20.218,20.303,20.319,20.235,20.174,20.174,20.291,20.375,20.336,20.218,20.297,20.409,20.342,20.325,20.347,20.336,20.286,20.308,20.331,20.314,20.314,20.426,20.415,20.364,20.409,20.353,20.476,20.549,20.409,20.364,20.459,20.577,20.588,20.571,20.571,20.566,20.549,20.605,20.611,20.566,20.549,20.56,20.577,20.605,20.633,20.527,20.51,20.571,20.577,20.487,20.549,20.599,20.482,20.454,20.454,20.515,20.599,20.599,20.571,20.515,20.482,20.549,20.532,20.482,20.515,20.459,20.521,20.588,20.543,20.527,20.521,20.56,20.611,20.555,20.594,20.611,20.532,20.599,20.594,20.543,20.56,20.616,20.611,20.538,20.515,20.538,20.527,21.385,22.932,24.204,25.924,25.924,24.635,26.189,27.323,26.248,24.748,25.145,26.449,27.05,26.803,27.768,28.128,27.826,27.779,27.475,27.47,27.517,27.229,26.781,26.406,26.718,27.265,26.824,26.47,26.428,26.417,26.866,26.808,26.163,25.77,25.977,25.86,25.807,26.21,26.391,26.041,25.7,25.849,25.801,25.743,25.95,26.285,26.301,25.908,25.631,25.748,25.599,25.567,25.663,25.7,25.652,25.578,25.578,25.62,25.492,25.332,25.305,25.386,25.412,25.828,26.126,25.95,25.77,25.386,25.209,25.354,25.332,25.391,25.407,25.37,25.86,25.786,25.434,25.546,25.722,25.966,25.892,25.69,26.343,26.766,26.353,25.786,25.647,26.019,26.496,26.597,26.517,25.945,25.599,25.881,26.221,26.099,25.86,25.972,25.652,25.95,26.242,25.897,25.913,25.236,24.71,25.075,25.695,25.487,25.177,25.546,25.182,24.296,23.684,23.711,24.053,22.774,22.785,24.893,24.036,22.472,22.065,22.615,22.478,21.922,22.252,23.314,23.162,22.01,21.112,21.24,21.54,21.346,21.651,22.554,21.634,20.745,20.884,21.335,21.257,21.179,21.14,21.04,20.834,20.94,21.062,20.89,20.8,20.745,20.767,20.789,20.666,20.694,20.756,20.7,20.717,20.689,20.672,20.706,20.611,20.627,20.694,20.689,20.611,20.627,20.934,21.229,20.906,20.616,20.577,20.56,20.471,20.583,20.65,20.515,20.549,20.527,20.482,20.499,20.51,20.51,20.482,20.465,20.42,20.459,20.482,20.431,20.465,20.487,20.459,20.42,20.359,20.555,20.678,20.532,20.638,20.689,20.717,20.806,20.689,20.605,20.605,20.588,20.515,20.538,20.499,20.353,20.375,20.555,20.611,20.471,20.364,20.403,20.471,20.437,20.471,20.532,20.56
20.168,20.207,20.269,20.263,20.19,20.179,20.19,20.145,20.129,20.179,20.252,20.28,20.263,20.297,20.353,20.353,20.269,20.263,20.325,20.331,20.246,20.398,20.482,20.308,20.325,20.409,20.465,20.448,20.353,20.325,20.375,20.387,20.308,20.353,20.448,20.454,20.42,20.437,20.387,20.275,20.325,20.471,20.476,20.347,20.387,20.515,20.577,20.538,20.426,20.566,20.689,20.571,20.571,20.594,20.594,20.577,20.583,20.611,20.616,20.588,20.538,20.571,20.627,20.622,20.527,20.616,20.683,20.549,20.487,20.51,20.583,20.633,20.711,20.633,20.566,20.65,20.577,20.493,20.487,20.532,20.532,20.504,20.527,20.605,20.611,20.583,20.605,20.661,20.555,20.611,20.638,20.504,20.543,20.594,20.571,20.538,20.549,20.583,20.605,20.622,20.711,20.588,20.979,21.977,22.571,24.974,25.956,24.495,25.231,27.118,27.061,25.07,24.818,26.253,27.444,27.244,27.909,28.175,27.69,27.271,27.789,27.092,26.681,27.69,27.747,27.071,26.697,27.071,26.982,27.05,26.787,26.216,26.475,26.908,26.591,25.855,26.11,25.903,25.604,25.924,26.364,26.533,26.147,25.738,25.77,25.823,25.913,26.12,26.433,26.041,25.647,25.913,25.839,25.748,25.711,25.69,25.716,25.668,25.546,25.466,25.375,25.354,25.354,25.354,25.594,25.982,25.982,25.647,25.604,25.54,25.444,25.407,25.407,25.38,25.402,25.46,25.311,25.583,25.844,25.695,25.929,25.823,25.77,26.157,26.502,26.776,26.417,25.754,25.647,25.706,26.131,26.628,26.443,26.2,26.242,26.375,26.131,26.11,26.216,26.11,25.833,26.12,26.057,25.305,25.503,25.172,25.086,25.679,25.107,24.603,25.124,25.918,25.69,23.912,22.916,23.885,24.791,23.923,23.249,24.204,23.129,22.032,22.56,23.652,23.074,21.7,21.678,23.025,23.782,22.582,20.984,21.196,22.511,22.28,21.313,21.518,21.213,20.951,21.29,21.817,21.479,21.096,20.945,20.856,20.756,20.756,20.778,20.745,20.739,20.812,20.862,20.823,20.694,20.795,20.94,20.867,20.7,20.694,20.745,20.655,20.605,20.627,20.672,20.672,20.633,20.482,20.756,21.296,20.979,20.555,20.454,20.543,20.538,20.594,20.605,20.527,20.532,20.543,20.515,20.493,20.487,20.515,20.504,20.448,20.437,20.471,20.493,20.476,20.521,20.471,20.42,20.454,20.398,20.465,20.588,20.638,20.767,20.8,20.7,20.616,20.577,20.532,20.493,20.482,20.465,20.515,20.493,20.387,20.443,20.515,20.499,20.448,20.471,20.454,20.448,20.504,20.56,20.566,20.538
20.224,20.252,20.263,20.246,20.218,20.213,20.202,20.162,20.078,20.185,20.308,20.258,20.207,20.246,20.347,20.375,20.252,20.263,20.353,20.347,20.286,20.291,20.375,20.443,20.443,20.431,20.437,20.443,20.37,20.415,20.448,20.347,20.258,20.303,20.437,20.476,20.342,20.314,20.359,20.336,20.409,20.437,20.392,20.37,20.403,20.454,20.476,20.482,20.499,20.532,20.577,20.611,20.555,20.555,20.583,20.577,20.571,20.605,20.594,20.538,20.583,20.605,20.594,20.605,20.515,20.627,20.689,20.538,20.566,20.594,20.588,20.583,20.627,20.599,20.571,20.616,20.605,20.493,20.459,20.56,20.571,20.527,20.521,20.571,20.543,20.65,20.706,20.594,20.571,20.599,20.599,20.566,20.599,20.661,20.689,20.672,20.487,20.566,20.728,20.678,20.666,20.683,20.789,21.135,22.159,24.893,26.168,25.065,24.995,26.702,27.606,26.343,25.209,25.615,26.723,26.85,27.145,27.7,27.716,27.176,27.286,26.966,26.829,27.323,27.622,27.47,27.129,27.071,26.94,27.124,26.961,26.322,26.152,26.692,26.845,26.216,26.274,26.375,26.014,25.562,26.019,26.634,26.359,25.604,25.812,26.019,25.881,25.716,25.966,25.871,25.674,25.807,25.844,25.706,25.524,25.519,25.7,25.53,25.348,25.535,25.61,25.61,25.556,25.567,25.775,26.104,26.003,25.578,25.423,25.652,25.839,25.674,25.62,25.444,25.444,25.679,25.663,25.855,25.918,25.754,26.163,26.502,26.686,26.876,26.834,26.359,25.817,25.658,25.652,25.754,26.216,26.739,26.422,26.385,26.533,26.364,26.131,26.11,26.094,25.903,25.887,26.173,25.945,25.182,25.15,25.402,25.615,25.455,24.02,24.085,25.038,24.898,24.71,24.004,23.537,23.825,24.71,24.177,23.118,23.178,22.768,23.575,24.09,23.129,22.12,21.379,21.595,22.313,23.722,23.08,21.279,21.096,22.483,22.263,21.14,21.274,21.29,21.279,21.379,21.562,21.507,21.162,20.789,20.678,20.722,20.7,20.638,20.661,20.689,20.845,20.918,20.812,20.689,20.767,20.901,20.851,20.689,20.711,20.745,20.605,20.588,20.627,20.683,20.706,20.75,20.56,20.795,21.44,21.401,20.923,20.532,20.538,20.56,20.571,20.588,20.622,20.594,20.583,20.566,20.527,20.482,20.471,20.51,20.538,20.471,20.476,20.515,20.499,20.471,20.493,20.504,20.471,20.476,20.476,20.583,20.745,20.678,20.611,20.594,20.577,20.566,20.622,20.611,20.51,20.543,20.583,20.527,20.459,20.504,20.482,20.448,20.493,20.588,20.532,20.471,20.571,20.566,20.51,20.471
20.196,20.241,20.246,20.185,20.207,20.196,20.207,20.258,20.134,20.174,20.286,20.252,20.213,20.196,20.224,20.28,20.297,20.325,20.308,20.252,20.275,20.179,20.23,20.459,20.403,20.375,20.387,20.37,20.409,20.471,20.42,20.291,20.286,20.263,20.303,20.403,20.314,20.263,20.353,20.459,20.443,20.37,20.364,20.431,20.392,20.381,20.415,20.459,20.622,20.521,20.443,20.633,20.555,20.51,20.543,20.56,20.566,20.56,20.549,20.555,20.622,20.611,20.577,20.605,20.499,20.56,20.616,20.51,20.566,20.588,20.538,20.51,20.521,20.566,20.549,20.499,20.56,20.543,20.504,20.555,20.571,20.56,20.527,20.51,20.471,20.616,20.678,20.532,20.583,20.599,20.583,20.622,20.655,20.689,20.711,20.706,20.504,20.555,20.7,20.627,20.504,20.661,20.756,20.812,22.054,24.506,26.057,25.95,25.54,26.502,27.737,27.512,26.12,25.327,25.977,26.739,26.897,27.397,27.706,27.386,26.718,27.05,27.428,26.892,26.997,27.25,27.501,27.57,26.897,26.465,26.634,26.771,26.253,26.332,26.644,26.422,26.11,26.38,26.348,25.626,25.626,26.364,26.528,25.78,25.807,25.913,25.748,25.482,25.471,25.647,25.69,25.556,25.716,25.663,25.471,25.471,25.62,25.359,25.241,25.631,25.823,25.732,25.615,25.727,25.759,25.95,25.961,25.684,25.407,25.615,25.924,25.833,25.786,25.706,25.791,26.025,26.242,25.982,25.716,25.988,26.496,27.029,27.024,26.665,26.491,25.839,25.578,26.046,26.057,26.195,26.486,26.628,26.232,26.29,26.576,26.48,26.417,26.057,25.775,25.871,26.03,25.78,25.434,25.444,25.268,25.7,25.791,24.963,23.901,24.004,24.35,23.814,24.074,24.306,23.961,23.445,23.619,23.396,23.009,23.096,23.434,24.748,24.112,21.485,21.157,21.817,22.065,21.695,22.96,23.096,21.778,20.973,21.362,21.977,21.922,21.446,21.279,21.196,21.051,20.918,21.251,21.124,20.733,20.722,20.812,20.817,20.739,20.722,20.711,20.795,20.806,20.694,20.627,20.678,20.7,20.627,20.65,20.683,20.672,20.633,20.611,20.644,20.666,20.655,20.683,20.65,20.856,21.279,21.54,21.196,20.65,20.543,20.515,20.527,20.588,20.666,20.588,20.549,20.56,20.543,20.499,20.471,20.51,20.566,20.459,20.471,20.532,20.487,20.42,20.487,20.532,20.459,20.471,20.493,20.566,20.633,20.482,20.398,20.482,20.571,20.538,20.627,20.666,20.549,20.566,20.588,20.56,20.527,20.521,20.465,20.443,20.504,20.56,20.521,20.482,20.527,20.515,20.493,20.482
20.112,20.207,20.252,20.14,20.145,20.151,20.224,20.336,20.269,20.196,20.207,20.252,20.263,20.196,20.179,20.269,20.364,20.353,20.275,20.258,20.28,20.291,20.275,20.263,20.291,20.387,20.426,20.392,20.482,20.42,20.331,20.392,20.415,20.314,20.275,20.392,20.387,20.381,20.403,20.42,20.37,20.331,20.381,20.459,20.409,20.448,20.493,20.459,20.56,20.571,20.566,20.65,20.555,20.515,20.549,20.577,20.588,20.543,20.538,20.616,20.638,20.644,20.661,20.666,20.543,20.532,20.588,20.56,20.521,20.538,20.543,20.504,20.583,20.616,20.577,20.555,20.482,20.566,20.633,20.555,20.599,20.566,20.51,20.532,20.566,20.543,20.527,20.577,20.599,20.65,20.65,20.605,20.616,20.655,20.627,20.555,20.549,20.543,20.56,20.599,20.527,20.577,20.683,20.795,20.962,23.031,25.487,26.226,25.727,26.465,27.789,27.826,26.808,25.738,26.269,27.58,27.674,27.596,27.48,27.297,26.966,26.897,27.087,27.171,27.155,27.024,27.402,27.982,27.108,26.051,26.248,27.045,26.465,26.184,26.406,26.391,25.871,25.966,26.343,26.189,25.658,26.29,26.845,26.147,25.7,25.53,25.594,25.572,25.503,25.684,25.738,25.514,25.738,25.828,25.69,25.604,25.583,25.391,25.311,25.498,25.658,25.572,25.487,25.642,25.658,25.674,25.684,25.679,25.615,25.663,25.759,25.775,25.801,26.014,26.258,26.279,25.982,25.572,25.796,26.459,26.776,26.581,26.041,25.748,25.631,25.679,26.163,26.75,26.702,26.502,26.375,26.306,25.929,26.189,26.924,27.181,26.718,25.977,25.844,26.226,26.353,25.295,24.689,25.482,25.642,25.663,25.45,25.102,24.753,23.771,23.456,24.236,24.941,24.015,22.971,23.385,22.943,23.069,23.613,23.765,23.793,23.706,22.505,20.945,21.673,22.713,22.461,21.612,22.324,22.779,22.015,21.035,20.75,22.428,22.949,21.079,20.784,20.823,20.845,20.817,21.057,20.957,20.767,20.884,20.912,20.879,20.851,20.873,20.817,20.739,20.655,20.599,20.599,20.7,20.678,20.515,20.588,20.644,20.65,20.689,20.678,20.661,20.611,20.549,20.487,20.655,20.823,20.806,21.124,21.018,20.638,20.56,20.51,20.515,20.566,20.594,20.487,20.465,20.515,20.515,20.51,20.549,20.538,20.471,20.426,20.471,20.515,20.487,20.482,20.443,20.42,20.454,20.437,20.448,20.471,20.459,20.471,20.476,20.459,20.448,20.443,20.471,20.476,20.448,20.443,20.499,20.549,20.549,20.527,20.443,20.403,20.459,20.454,20.465,20.459,20.437,20.527,20.594,20.594
20.157,20.185,20.235,20.218,20.162,20.145,20.235,20.353,20.297,20.196,20.218,20.331,20.291,20.252,20.263,20.286,20.303,20.213,20.185,20.303,20.336,20.387,20.359,20.252,20.179,20.42,20.549,20.336,20.364,20.319,20.303,20.415,20.437,20.42,20.347,20.286,20.291,20.359,20.37,20.325,20.437,20.398,20.342,20.437,20.448,20.532,20.532,20.431,20.527,20.521,20.527,20.65,20.527,20.527,20.605,20.588,20.594,20.583,20.594,20.655,20.655,20.611,20.56,20.566,20.622,20.611,20.588,20.627,20.521,20.566,20.616,20.527,20.51,20.549,20.577,20.56,20.527,20.521,20.555,20.577,20.577,20.56,20.538,20.543,20.611,20.56,20.487,20.538,20.577,20.616,20.638,20.666,20.616,20.633,20.644,20.583,20.56,20.527,20.549,20.605,20.566,20.56,20.65,20.761,20.364,22.439,25.193,25.833,25.492,26.131,27.334,27.606,27.292,26.073,25.833,26.945,27.008,27.46,27.732,27.355,27.15,26.797,26.871,27.397,27.632,27.768,27.737,27.58,27.339,26.443,26.184,26.887,26.576,26.327,26.38,26.396,25.988,26.929,27.93,27.486,26.459,26.11,26.348,26.152,25.572,25.535,25.865,25.807,25.434,25.636,25.855,25.514,25.551,25.743,25.674,25.386,25.604,25.444,25.177,25.327,25.562,25.578,25.519,25.636,25.77,25.62,25.578,25.849,25.823,25.754,25.828,25.972,25.887,26.099,26.141,25.775,25.658,25.604,26.168,26.934,26.412,26.348,26.258,25.636,26.062,26.338,26.512,26.871,26.871,26.729,26.348,25.993,26.242,26.459,26.86,27.334,26.718,26.073,25.924,25.982,26.136,25.455,24.941,25.402,25.881,25.209,24.49,24.802,24.501,23.624,23.836,24.99,24.193,23.211,23.287,23.814,23.162,23.652,24.382,23.814,22.39,22.203,22.483,21.844,21.999,22.615,22.472,21.59,21.446,22.225,22.329,21.34,21.263,22.241,22.439,21.296,20.951,20.8,20.795,20.89,21.346,21.39,21.012,20.834,20.761,20.733,20.867,21.051,20.884,20.733,20.689,20.666,20.644,20.694,20.694,20.599,20.577,20.672,20.761,20.739,20.583,20.566,20.611,20.555,20.543,20.666,20.661,20.532,20.94,21.129,20.884,20.655,20.549,20.566,20.566,20.465,20.454,20.493,20.51,20.493,20.459,20.549,20.56,20.431,20.454,20.465,20.443,20.443,20.521,20.443,20.381,20.487,20.493,20.493,20.493,20.499,20.504,20.499,20.454,20.409,20.415,20.415,20.426,20.465,20.515,20.555,20.527,20.471,20.459,20.471,20.482,20.471,20.392,20.426,20.493,20.482,20.532,20.661,20.739
20.202,20.185,20.23,20.246,20.196,20.168,20.23,20.314,20.291,20.224,20.252,20.353,20.314,20.28,20.269,20.258,20.263,20.207,20.19,20.263,20.241,20.303,20.331,20.246,20.162,20.347,20.465,20.303,20.387,20.353,20.269,20.308,20.347,20.398,20.37,20.308,20.303,20.392,20.387,20.269,20.381,20.454,20.443,20.448,20.471,20.482,20.454,20.437,20.476,20.493,20.515,20.577,20.571,20.605,20.594,20.515,20.532,20.566,20.622,20.666,20.538,20.543,20.605,20.555,20.571,20.588,20.599,20.627,20.616,20.638,20.594,20.482,20.527,20.566,20.549,20.543,20.588,20.583,20.571,20.622,20.594,20.583,20.56,20.527,20.577,20.583,20.532,20.527,20.594,20.644,20.65,20.65,20.588,20.56,20.577,20.588,20.566,20.571,20.577,20.56,20.571,20.549,20.611,20.745,20.381,21.49,23.494,24.544,24.893,25.535,26.316,26.739,27.418,26.634,25.796,26.412,26.834,27.223,27.37,27.37,27.433,27.16,26.839,26.903,27.286,27.716,27.391,26.713,27.255,26.787,26.131,26.533,26.723,26.581,26.639,27.076,26.897,27.192,27.57,27.334,26.628,25.982,25.871,25.945,25.674,25.61,26.088,26.512,25.738,25.61,25.865,25.578,25.46,25.604,25.631,25.402,25.546,25.503,25.332,25.359,25.551,25.732,25.663,25.508,25.546,25.743,25.876,25.833,25.855,25.839,25.865,25.94,25.796,25.823,25.892,25.828,25.918,26.168,26.523,26.734,26.369,26.353,26.279,25.887,26.412,26.903,27.15,27.334,27.024,26.997,27.045,26.813,26.766,26.644,26.76,27.008,26.48,25.993,25.988,26.141,26.179,25.556,25.14,25.551,26.359,24.845,23.537,24.694,25.086,24.468,23.944,24.242,23.467,22.998,23.467,23.966,23.429,22.998,23.216,23.385,21.883,22.318,23.309,22.505,21.634,22.059,22.565,21.822,21.179,21.54,21.977,21.529,21.362,21.479,21.706,21.667,20.984,20.784,21.046,21.096,21.329,21.7,21.501,20.867,20.622,21.645,22.285,21.468,20.745,20.504,20.706,20.728,20.694,20.756,20.8,20.728,20.678,20.644,20.678,20.722,20.7,20.616,20.571,20.605,20.605,20.616,20.594,20.571,20.588,21.174,21.401,20.867,20.605,20.571,20.599,20.493,20.431,20.487,20.549,20.504,20.465,20.504,20.515,20.443,20.448,20.499,20.51,20.482,20.454,20.487,20.51,20.476,20.459,20.471,20.476,20.471,20.459,20.471,20.504,20.515,20.465,20.454,20.459,20.448,20.527,20.549,20.448,20.364,20.42,20.532,20.538,20.454,20.465,20.493,20.527,20.583,20.745,20.778,20.711
20.218,20.213,20.235,20.258,20.241,20.213,20.207,20.23,20.202,20.224,20.28,20.308,20.291,20.275,20.258,20.252,20.252,20.252,20.258,20.275,20.174,20.185,20.263,20.252,20.252,20.28,20.303,20.308,20.426,20.409,20.286,20.269,20.303,20.308,20.303,20.347,20.415,20.415,20.359,20.331,20.297,20.415,20.515,20.459,20.448,20.398,20.392,20.465,20.482,20.476,20.493,20.56,20.599,20.611,20.566,20.515,20.532,20.538,20.571,20.611,20.487,20.538,20.655,20.616,20.504,20.521,20.588,20.571,20.655,20.638,20.538,20.504,20.555,20.571,20.543,20.555,20.594,20.622,20.611,20.605,20.616,20.588,20.532,20.515,20.555,20.594,20.583,20.571,20.611,20.666,20.65,20.588,20.571,20.549,20.532,20.549,20.555,20.599,20.599,20.532,20.555,20.543,20.588,20.7,20.611,20.661,21.85,23.527,24.02,25.289,26.274,26.253,27.376,27.292,26.216,25.977,26.961,26.94,26.607,27.202,27.407,27.349,26.903,26.486,26.686,26.982,26.961,26.803,27.16,26.797,26.258,26.47,27.087,27.145,27.113,27.559,27.58,26.57,25.956,26.528,26.676,26.258,25.876,26.041,26.147,25.801,25.934,26.66,26.083,25.674,25.748,25.775,25.556,25.524,25.615,25.562,25.412,25.503,25.604,25.498,25.615,25.77,25.647,25.386,25.423,25.801,25.876,25.572,25.956,26.168,25.924,25.668,25.604,25.679,26.014,26.396,26.454,26.655,26.644,26.359,26.607,26.57,26.375,26.454,26.576,26.897,27.281,27.439,27.087,27.045,27.48,27.732,27.344,26.681,26.311,26.295,26.216,25.892,25.743,25.94,25.982,25.626,25.402,25.684,26.348,25.209,23.998,24.684,25.727,25.188,23.711,23.325,23.472,23.385,23.429,23.782,23.44,22.175,22.076,23.352,22.845,23.014,23.271,22.549,21.213,21.64,22.56,21.982,21.418,21.146,21.257,21.301,21.112,20.979,21.496,22.115,21.096,20.845,21.29,21.196,21.068,21.412,21.462,20.912,20.622,21.916,22.62,21.462,20.767,20.599,20.75,20.678,20.672,20.784,20.873,20.839,20.795,20.65,20.566,20.638,20.733,20.638,20.515,20.583,20.611,20.577,20.599,20.683,20.381,20.99,21.473,20.962,20.672,20.566,20.594,20.555,20.487,20.482,20.521,20.515,20.476,20.487,20.504,20.476,20.437,20.51,20.571,20.51,20.403,20.504,20.577,20.437,20.381,20.431,20.465,20.42,20.437,20.448,20.476,20.521,20.465,20.493,20.515,20.454,20.51,20.499,20.426,20.398,20.454,20.515,20.465,20.381,20.448,20.493,20.504,20.56,20.711,20.733,20.661
20.224,20.246,20.246,20.319,20.308,20.246,20.196,20.179,20.117,20.207,20.308,20.275,20.252,20.297,20.336,20.314,20.23,20.196,20.291,20.387,20.252,20.235,20.297,20.28,20.319,20.331,20.314,20.331,20.336,20.342,20.353,20.381,20.375,20.314,20.252,20.269,20.443,20.37,20.269,20.403,20.347,20.381,20.454,20.437,20.426,20.42,20.437,20.471,20.532,20.437,20.437,20.627,20.549,20.527,20.605,20.65,20.622,20.566,20.532,20.543,20.611,20.577,20.549,20.616,20.555,20.555,20.577,20.543,20.555,20.555,20.577,20.622,20.515,20.499,20.571,20.599,20.571,20.549,20.538,20.538,20.605,20.56,20.487,20.538,20.622,20.616,20.588,20.627,20.588,20.616,20.638,20.605,20.605,20.622,20.594,20.538,20.521,20.571,20.599,20.566,20.549,20.56,20.605,20.644,20.527,20.527,21.684,23.331,23.282,25.354,27.003,26.274,27.171,27.543,26.459,25.391,26.443,26.554,26.141,26.623,26.85,26.961,26.834,26.66,26.639,26.702,27.155,27.685,27.349,26.776,26.565,26.787,27.475,27.721,27.444,27.328,27.47,26.369,25.748,26.702,27.271,26.745,26.104,26.412,26.591,26.11,25.775,26.147,26.147,25.817,25.732,26.009,25.69,25.54,25.604,25.551,25.364,25.492,25.631,25.482,25.588,25.594,25.482,25.471,25.759,25.679,25.348,25.391,26.216,26.533,25.982,25.546,25.626,25.945,26.343,26.623,26.618,26.671,26.644,26.491,26.544,26.713,26.892,26.982,26.887,26.797,26.829,26.913,26.95,26.829,27.008,27.496,27.742,26.75,25.706,25.855,26.242,25.998,25.311,25.124,25.487,25.908,25.823,25.508,25.727,25.743,25.107,24.511,25.386,24.866,23.744,23.814,23.673,23.461,23.483,23.679,23.423,22.681,22.856,23.874,23.559,22.478,22.115,22.582,21.518,21.623,22.269,21.888,21.396,21.057,21.001,21.012,21.224,21.162,21.64,22.494,21.479,20.996,21.235,21.14,21.057,20.979,20.923,20.862,20.689,20.806,21.029,21.035,21.068,21.051,20.851,20.616,20.655,20.784,20.884,20.923,20.834,20.728,20.65,20.588,20.515,20.515,20.527,20.504,20.599,20.605,20.571,20.611,20.504,20.773,21.018,20.851,20.711,20.627,20.577,20.504,20.56,20.515,20.454,20.499,20.431,20.51,20.583,20.499,20.465,20.487,20.493,20.448,20.476,20.476,20.454,20.454,20.403,20.459,20.504,20.443,20.493,20.476,20.387,20.359,20.392,20.476,20.527,20.521,20.549,20.532,20.499,20.504,20.487,20.437,20.37,20.336,20.291,20.375,20.465,20.443,20.387,20.56,20.733
20.252,20.241,20.224,20.252,20.241,20.224,20.162,20.1,20.213,20.286,20.275,20.269,20.258,20.297,20.297,20.23,20.179,20.331,20.448,20.353,20.297,20.342,20.336,20.241,20.331,20.381,20.387,20.415,20.325,20.297,20.331,20.336,20.342,20.331,20.28,20.252,20.319,20.336,20.314,20.342,20.381,20.443,20.431,20.364,20.443,20.392,20.353,20.471,20.459,20.476,20.504,20.499,20.543,20.538,20.571,20.672,20.605,20.577,20.555,20.499,20.543,20.571,20.566,20.583,20.549,20.605,20.633,20.56,20.504,20.566,20.616,20.56,20.527,20.538,20.543,20.521,20.616,20.633,20.56,20.543,20.56,20.504,20.454,20.521,20.655,20.611,20.543,20.638,20.588,20.638,20.722,20.706,20.633,20.571,20.538,20.515,20.543,20.566,20.588,20.605,20.51,20.527,20.605,20.622,20.7,20.661,21.296,22.472,22.867,24.511,25.391,24.608,25.252,26.65,26.803,25.626,25.15,25.418,24.995,23.879,25.215,26.713,26.597,25.706,25.764,26.327,26.955,27.26,27.412,26.824,26.671,27.412,27.433,27.313,27.397,27.638,27.941,27.024,25.881,25.982,27.066,26.971,26.035,25.966,26.507,26.533,26.385,26.671,26.459,26.173,26.073,26.083,25.988,25.69,25.498,25.572,25.53,25.647,25.572,25.247,25.215,25.215,25.476,25.908,26.242,25.647,25.038,25.348,25.833,25.716,25.428,25.722,26.295,26.152,26.003,26.57,26.908,26.787,26.433,26.338,25.977,26.692,27.46,27.202,27.087,26.997,26.961,26.887,26.507,26.38,26.465,26.533,27.475,26.866,25.897,26.396,27.108,26.163,24.866,25.204,26.285,26.491,25.594,25.054,25.37,25.263,24.592,24.279,25.022,24.651,23.771,23.771,23.494,23.053,22.954,23.254,23.575,23.091,22.927,23.662,23.624,22.445,21.706,22.241,22.274,21.877,21.673,21.85,21.263,20.901,21.04,21.224,21.457,21.429,21.894,22.675,21.667,20.973,21.04,21.04,21.096,21.007,20.884,20.895,20.806,20.728,20.979,21.357,21.235,20.94,20.627,20.454,20.521,20.951,21.14,20.879,20.789,20.694,20.611,20.56,20.571,20.611,20.577,20.499,20.504,20.56,20.616,20.627,20.588,20.65,20.689,20.605,20.583,20.627,20.644,20.583,20.471,20.482,20.543,20.51,20.415,20.476,20.532,20.437,20.465,20.521,20.499,20.426,20.437,20.471,20.521,20.571,20.482,20.443,20.42,20.364,20.454,20.605,20.504,20.252,20.359,20.42,20.431,20.521,20.538,20.543,20.504,20.448,20.482,20.448,20.403,20.426,20.381,20.387,20.476,20.543,20.437,20.487,20.599
20.319,20.241,20.123,20.19,20.202,20.202,20.224,20.275,20.28,20.246,20.224,20.246,20.23,20.23,20.241,20.246,20.28,20.364,20.353,20.246,20.224,20.331,20.353,20.235,20.263,20.359,20.426,20.42,20.359,20.336,20.347,20.331,20.347,20.308,20.28,20.325,20.319,20.398,20.437,20.381,20.398,20.454,20.448,20.381,20.336,20.375,20.443,20.471,20.521,20.471,20.459,20.577,20.644,20.622,20.566,20.571,20.611,20.638,20.605,20.56,20.549,20.616,20.644,20.588,20.583,20.56,20.543,20.555,20.532,20.577,20.611,20.571,20.538,20.566,20.566,20.527,20.605,20.611,20.566,20.571,20.532,20.499,20.532,20.594,20.543,20.515,20.566,20.633,20.588,20.611,20.666,20.672,20.644,20.627,20.599,20.566,20.605,20.543,20.499,20.583,20.588,20.616,20.672,20.728,20.75,20.733,20.89,21.34,22.137,24.026,24.624,23.478,23.429,24.597,25.434,24.99,24.398,25.434,25.535,23.7,24.198,25.652,25.94,25.016,25.156,26.067,26.829,26.887,27.018,26.955,26.966,27.208,27.402,27.323,27.433,27.847,27.622,27.48,27.034,26.353,26.613,27.328,27.423,26.903,27.061,27.276,27.134,26.776,26.327,26.11,26.115,26.035,25.94,25.652,25.567,25.791,25.828,25.7,25.412,25.22,25.252,25.679,26.364,26.776,26.591,25.982,25.599,25.711,25.908,26.046,26.003,25.956,26.035,25.94,26.152,26.734,27.003,26.776,26.449,26.512,26.591,26.892,27.208,27.297,27.166,27.045,27.04,26.94,26.131,26.083,26.533,26.496,26.602,26.475,26.237,26.173,26.279,25.801,25.113,25.172,26.892,26.628,24.99,24.662,24.355,24.603,24.936,24.786,24.247,24.495,24.522,23.597,23.113,22.965,23.107,23.222,23.499,23.906,23.733,23.151,23.429,22.741,21.839,21.938,22.318,21.689,21.023,21.401,21.645,21.44,21.118,21.174,21.235,21.374,21.64,21.822,21.39,21.029,20.929,20.862,20.901,20.962,20.929,20.839,20.828,20.918,21.073,21.157,21.007,20.711,20.728,21.068,21.435,21.412,21.068,20.89,20.784,20.616,20.521,20.566,20.499,20.588,20.661,20.571,20.527,20.599,20.655,20.616,20.655,20.611,20.51,20.482,20.459,20.549,20.599,20.527,20.499,20.538,20.555,20.51,20.51,20.555,20.543,20.482,20.487,20.504,20.487,20.465,20.499,20.515,20.543,20.588,20.527,20.443,20.415,20.443,20.532,20.583,20.521,20.459,20.555,20.437,20.37,20.555,20.583,20.571,20.515,20.454,20.403,20.471,20.504,20.431,20.454,20.471,20.482,20.515,20.527,20.51,20.493
20.291,20.241,20.129,20.196,20.19,20.19,20.269,20.381,20.303,20.196,20.213,20.286,20.207,20.202,20.258,20.286,20.342,20.286,20.213,20.246,20.213,20.269,20.336,20.314,20.263,20.319,20.387,20.364,20.381,20.42,20.398,20.325,20.347,20.297,20.275,20.359,20.398,20.415,20.426,20.443,20.403,20.437,20.459,20.403,20.291,20.415,20.543,20.471,20.588,20.454,20.409,20.661,20.611,20.627,20.611,20.493,20.605,20.683,20.644,20.611,20.588,20.622,20.638,20.599,20.605,20.515,20.471,20.56,20.594,20.583,20.577,20.611,20.588,20.588,20.599,20.594,20.566,20.577,20.594,20.583,20.566,20.532,20.549,20.588,20.448,20.476,20.611,20.633,20.605,20.588,20.583,20.583,20.644,20.7,20.689,20.638,20.627,20.527,20.471,20.549,20.627,20.661,20.7,20.761,20.633,20.689,20.711,20.711,21.606,23.624,24.877,24.517,23.505,23.374,24.263,24.796,24.678,25.599,26.359,25.796,24.791,25.327,26.088,25.407,24.63,25.455,26.813,26.929,26.897,27.103,26.997,26.544,27.103,27.507,27.606,27.753,27.46,27.742,27.914,27.313,26.221,27.092,28.295,27.753,27.313,27.297,27.328,26.934,26.417,26.38,26.338,25.839,25.626,25.524,25.69,25.95,25.908,25.62,25.423,25.53,25.86,26.269,26.157,25.599,24.775,24.457,25.091,25.876,26.581,26.834,26.417,25.95,25.46,25.86,26.718,26.961,26.755,26.412,26.465,26.839,27.181,26.971,26.766,27.066,27.076,27.071,26.966,26.76,26.475,26.491,26.76,26.781,26.025,26.353,26.623,25.732,25.263,25.642,25.764,25.166,26.141,25.903,24.753,24.457,24.296,24.872,25.556,25.46,24.215,24.166,24.479,23.695,23.227,23.358,23.619,23.461,23.412,24.123,23.95,22.631,22.927,22.905,22.236,21.734,21.645,21.318,20.934,20.996,21.955,22.048,21.257,20.901,20.867,21.09,21.107,20.856,20.94,20.99,20.873,20.75,20.733,20.812,20.867,20.834,20.784,20.94,20.945,20.683,20.571,20.817,21.667,22.467,22.362,21.457,20.761,20.817,20.689,20.56,20.527,20.543,20.471,20.549,20.655,20.627,20.627,20.611,20.588,20.583,20.594,20.555,20.532,20.56,20.476,20.515,20.56,20.487,20.56,20.538,20.476,20.515,20.599,20.605,20.549,20.532,20.515,20.51,20.482,20.459,20.527,20.543,20.504,20.487,20.465,20.521,20.538,20.471,20.577,20.499,20.437,20.571,20.627,20.499,20.426,20.555,20.633,20.577,20.471,20.454,20.37,20.454,20.515,20.415,20.42,20.51,20.515,20.431,20.487,20.515,20.493
20.196,20.246,20.263,20.23,20.179,20.202,20.23,20.218,20.331,20.263,20.218,20.364,20.246,20.275,20.319,20.23,20.235,20.258,20.303,20.359,20.359,20.314,20.319,20.375,20.347,20.342,20.353,20.359,20.387,20.459,20.409,20.275,20.308,20.336,20.314,20.308,20.387,20.359,20.319,20.398,20.403,20.454,20.443,20.364,20.426,20.471,20.459,20.459,20.51,20.493,20.482,20.532,20.42,20.532,20.65,20.549,20.571,20.655,20.65,20.566,20.566,20.571,20.56,20.566,20.571,20.571,20.571,20.594,20.599,20.599,20.583,20.577,20.627,20.627,20.594,20.605,20.588,20.638,20.644,20.577,20.611,20.549,20.465,20.482,20.51,20.549,20.594,20.638,20.622,20.633,20.633,20.616,20.655,20.666,20.65,20.661,20.605,20.56,20.555,20.566,20.543,20.571,20.633,20.65,20.566,20.689,20.722,20.661,21.501,22.774,24.495,25.801,24.409,23.7,24.77,25.679,25.038,24.796,25.684,26.475,25.626,26.11,26.913,26.141,24.069,24.495,26.544,27.008,27.187,27.087,26.771,26.539,26.544,27.166,27.653,27.58,28.024,28.024,27.685,27.454,26.115,26.417,27.433,27.15,26.723,26.655,27.187,27.601,27.071,27.202,26.934,25.706,25.556,25.535,25.647,25.871,25.743,25.599,25.604,25.695,26.03,25.668,24.274,22.949,22.12,21.883,23.412,25.604,26.945,26.57,25.668,25.887,25.817,26.322,26.897,26.855,26.454,26.03,26.306,26.897,26.607,26.792,27.024,26.766,27.024,27.181,26.839,26.459,26.913,26.992,26.597,26.406,26.248,26.86,26.897,25.908,25.807,26.014,25.913,25.434,25.043,25.15,24.99,24.42,25.428,25.642,25.295,25.455,24.915,23.679,23.32,24.047,23.852,23.652,23.565,23.467,23.543,23.586,23.107,22.412,22.351,22.664,22.412,21.595,21.263,21.362,21.335,21.04,21.656,21.993,21.462,20.834,20.884,21.007,20.934,20.806,20.795,20.806,20.784,20.767,20.828,20.75,20.75,20.918,20.784,20.806,20.828,20.666,20.431,21.201,22.67,23.298,22.137,20.979,20.672,20.627,20.499,20.566,20.605,20.493,20.616,20.633,20.577,20.611,20.644,20.532,20.476,20.594,20.482,20.471,20.577,20.627,20.549,20.566,20.633,20.605,20.487,20.415,20.471,20.549,20.566,20.527,20.482,20.493,20.532,20.566,20.499,20.403,20.448,20.504,20.482,20.431,20.381,20.605,20.627,20.331,20.487,20.538,20.409,20.353,20.42,20.504,20.51,20.499,20.599,20.549,20.403,20.375,20.426,20.426,20.431,20.487,20.398,20.476,20.56,20.465,20.392,20.443,20.515
20.23,20.263,20.23,20.252,20.218,20.241,20.241,20.202,20.28,20.241,20.196,20.28,20.303,20.303,20.263,20.202,20.162,20.23,20.342,20.375,20.364,20.325,20.258,20.207,20.37,20.342,20.269,20.392,20.42,20.415,20.331,20.235,20.303,20.286,20.275,20.37,20.359,20.381,20.375,20.325,20.314,20.437,20.487,20.398,20.487,20.398,20.297,20.403,20.471,20.504,20.504,20.515,20.465,20.532,20.616,20.583,20.499,20.583,20.633,20.51,20.515,20.577,20.555,20.465,20.487,20.56,20.571,20.521,20.521,20.571,20.566,20.504,20.51,20.566,20.588,20.571,20.616,20.588,20.527,20.549,20.577,20.611,20.616,20.594,20.51,20.538,20.605,20.583,20.538,20.583,20.678,20.7,20.594,20.499,20.538,20.633,20.588,20.577,20.538,20.465,20.515,20.521,20.538,20.627,20.627,20.627,20.627,20.683,20.689,22.015,23.652,24.144,24.22,23.679,23.814,24.845,25.327,25.263,25.583,26.38,25.674,25.3,26.157,26.845,24.931,23.429,24.925,27.15,26.12,26.502,27.543,27.04,26.11,26.47,27.397,27.344,27.234,27.271,27.412,27.339,26.486,26.634,27.26,27.097,26.813,26.982,27.491,27.69,27.454,27.176,26.581,25.812,25.716,25.423,25.327,25.663,25.626,25.913,26.019,25.471,24.263,22.522,21.971,22.675,22.965,23.233,24.296,25.738,26.094,25.887,25.929,26.48,26.818,26.908,26.528,26.099,25.998,26.412,26.797,26.755,26.781,27.103,27.271,27.097,27.407,26.692,26.035,26.338,25.247,25.871,27.213,27.166,26.913,27.055,26.47,25.14,25.412,25.567,25.466,25.551,25.514,25.022,24.813,25.215,25.327,25.204,25.172,25.236,24.501,23.243,23.173,24.226,24.571,23.809,23.14,23.488,23.445,23.532,23.45,22.976,21.861,22.104,22.648,21.944,20.957,21.64,22.175,21.101,21.24,21.717,21.545,20.862,20.812,20.867,20.812,20.694,20.599,20.778,20.884,20.717,20.733,20.706,20.666,20.711,20.756,21.107,21.14,20.722,20.51,21.706,22.692,22.12,21.296,20.812,20.745,20.571,20.42,20.454,20.532,20.482,20.543,20.555,20.532,20.566,20.577,20.482,20.482,20.616,20.482,20.465,20.566,20.588,20.521,20.521,20.543,20.493,20.37,20.476,20.627,20.56,20.51,20.482,20.487,20.515,20.543,20.56,20.515,20.465,20.375,20.521,20.594,20.409,20.336,20.459,20.521,20.403,20.527,20.504,20.387,20.381,20.347,20.381,20.459,20.504,20.471,20.471,20.443,20.364,20.387,20.387,20.437,20.543,20.437,20.409,20.471,20.476,20.392,20.409,20.482
20.213,20.241,20.218,20.207,20.218,20.275,20.291,20.241,20.202,20.246,20.28,20.246,20.308,20.258,20.213,20.286,20.174,20.19,20.291,20.308,20.291,20.314,20.319,20.28,20.303,20.291,20.286,20.342,20.353,20.37,20.353,20.319,20.325,20.347,20.359,20.342,20.275,20.387,20.431,20.286,20.364,20.465,20.476,20.448,20.465,20.431,20.375,20.381,20.459,20.487,20.448,20.448,20.465,20.538,20.566,20.521,20.566,20.599,20.583,20.56,20.566,20.571,20.566,20.555,20.487,20.56,20.583,20.471,20.566,20.599,20.577,20.611,20.566,20.571,20.571,20.532,20.555,20.56,20.549,20.555,20.499,20.549,20.605,20.566,20.515,20.543,20.594,20.583,20.577,20.605,20.622,20.605,20.583,20.594,20.594,20.555,20.56,20.521,20.515,20.588,20.583,20.532,20.538,20.605,20.622,20.599,20.611,20.683,20.521,21.185,22.615,23.706,24.614,24.074,23.657,24.7,25.871,25.156,24.463,25.583,25.977,25.113,25.354,27.103,26.412,24.501,24.689,26.755,25.871,26.157,27.522,27.789,26.412,26.565,27.276,26.628,26.258,27.024,27.664,27.197,27.229,27.176,27.328,27.627,26.929,27.166,27.69,27.386,27.418,27.339,27.124,26.897,26.401,25.604,25.295,25.578,25.786,25.284,24.047,23.063,22.522,22.549,23.423,24.436,25.263,25.257,25.193,25.807,25.945,26.263,26.57,26.639,26.903,26.628,26.131,26.03,25.918,26.067,26.443,26.755,27.008,27.349,27.397,27.118,26.882,26.523,26.47,26.671,26.062,26.576,27.181,26.697,26.913,26.327,25.129,24.549,24.92,24.893,24.737,25.07,25.257,25.209,25.134,25.236,25.129,25.364,25.049,24.053,23.776,23.461,23.728,24.463,24.56,23.69,23.025,23.363,23.662,23.483,23.14,23.02,21.916,21.601,22.109,22.181,21.579,21.828,21.916,21.046,20.934,21.235,21.29,20.929,20.812,20.789,20.778,20.733,20.689,20.867,20.984,20.862,20.778,20.784,20.75,20.655,20.773,21.035,20.979,20.672,20.706,21.435,21.673,20.99,20.717,20.7,20.733,20.633,20.644,20.611,20.538,20.504,20.532,20.493,20.448,20.476,20.487,20.443,20.459,20.555,20.538,20.588,20.577,20.476,20.499,20.465,20.476,20.566,20.42,20.454,20.555,20.504,20.521,20.538,20.515,20.482,20.443,20.51,20.532,20.431,20.398,20.448,20.515,20.515,20.487,20.431,20.42,20.471,20.493,20.465,20.443,20.476,20.443,20.387,20.443,20.56,20.521,20.459,20.426,20.409,20.37,20.476,20.571,20.504,20.465,20.454,20.448,20.431,20.392,20.42,20.465
20.157,20.157,20.179,20.134,20.185,20.252,20.269,20.252,20.185,20.263,20.353,20.314,20.269,20.207,20.235,20.325,20.246,20.207,20.235,20.258,20.23,20.275,20.387,20.431,20.286,20.28,20.342,20.297,20.28,20.336,20.398,20.403,20.353,20.415,20.426,20.303,20.275,20.364,20.403,20.336,20.403,20.443,20.42,20.403,20.409,20.493,20.504,20.403,20.454,20.465,20.415,20.403,20.415,20.471,20.515,20.527,20.644,20.616,20.555,20.627,20.599,20.543,20.571,20.644,20.583,20.555,20.56,20.549,20.611,20.627,20.627,20.666,20.611,20.583,20.566,20.527,20.515,20.56,20.605,20.599,20.487,20.465,20.504,20.487,20.521,20.543,20.555,20.588,20.627,20.644,20.56,20.476,20.577,20.678,20.638,20.543,20.555,20.504,20.527,20.65,20.577,20.583,20.633,20.616,20.599,20.644,20.661,20.644,20.739,20.672,21.899,24.042,25.124,24.786,23.906,24.015,25.124,24.963,24.139,24.441,25.62,25.551,25.354,26.359,26.734,26.147,25.706,26.21,26.396,26.369,26.924,27.784,26.845,26.718,26.813,26.088,26.062,27.323,28.019,27.313,27.69,27.386,27.202,27.789,27.355,27.344,27.376,26.913,26.713,27.328,27.627,26.897,26.067,25.594,25.615,25.546,25.343,24.134,22.516,21.96,22.987,25.156,26.179,25.706,26.115,26.03,25.695,25.823,26.253,26.613,26.47,26.163,26.274,26.433,26.491,26.459,26.126,25.871,26.327,27.05,27.029,27.134,27.045,26.602,26.364,26.845,27.234,26.971,27.192,27.145,26.702,26.295,26.009,24.775,24.08,24.705,24.861,24.818,24.597,24.474,24.694,25.209,25.166,24.63,24.877,25.359,24.71,23.423,23.977,24.619,24.431,23.923,23.831,23.635,23.271,23.074,23.657,23.167,22.648,23.118,22.445,21.357,21.507,22.571,22.296,21.507,21.035,21.068,20.879,20.828,20.906,20.906,20.823,20.75,20.773,20.845,20.906,20.873,20.862,20.918,20.773,20.761,20.8,20.728,20.733,20.711,20.65,20.638,20.733,20.739,20.756,20.884,20.951,20.839,20.717,20.767,20.8,20.773,20.666,20.571,20.521,20.476,20.448,20.454,20.448,20.459,20.499,20.543,20.51,20.599,20.605,20.459,20.459,20.499,20.566,20.622,20.571,20.443,20.375,20.42,20.493,20.56,20.515,20.42,20.398,20.448,20.471,20.443,20.527,20.431,20.403,20.594,20.571,20.454,20.415,20.493,20.459,20.42,20.443,20.487,20.504,20.499,20.487,20.504,20.56,20.487,20.403,20.443,20.403,20.538,20.571,20.403,20.437,20.493,20.465,20.403,20.403,20.426,20.437
20.151,20.112,20.123,20.134,20.185,20.213,20.207,20.224,20.196,20.235,20.331,20.375,20.263,20.235,20.269,20.235,20.258,20.28,20.28,20.275,20.235,20.258,20.325,20.37,20.364,20.342,20.336,20.353,20.308,20.303,20.347,20.387,20.375,20.381,20.387,20.375,20.375,20.347,20.364,20.426,20.303,20.353,20.42,20.325,20.392,20.454,20.443,20.431,20.437,20.465,20.465,20.443,20.42,20.392,20.482,20.65,20.599,20.555,20.577,20.599,20.532,20.543,20.583,20.566,20.622,20.538,20.515,20.661,20.543,20.605,20.666,20.532,20.487,20.532,20.571,20.543,20.583,20.555,20.56,20.638,20.555,20.51,20.538,20.56,20.527,20.527,20.549,20.549,20.571,20.616,20.594,20.521,20.532,20.51,20.527,20.605,20.583,20.588,20.549,20.465,20.471,20.583,20.672,20.661,20.655,20.666,20.666,20.638,20.555,20.538,21.529,23.189,24.888,25.193,23.624,22.45,23.521,25.375,25.252,23.706,24.409,25.519,25.738,25.402,25.791,26.025,25.993,26.073,26.348,26.533,26.76,27.013,26.56,26.126,26.131,26.343,26.459,27.281,27.857,27.585,27.627,27.202,26.871,27.187,27.93,27.81,26.982,26.565,25.801,26.57,26.876,25.444,24.909,25.348,25.812,25.364,24.36,23.814,23.868,23.928,24.527,25.892,26.184,25.231,25.3,25.998,26.279,25.881,25.961,25.897,25.775,25.892,26.263,27.092,27.213,26.486,26.2,26.512,27.082,27.234,26.961,26.729,26.433,26.115,26.676,26.982,26.876,26.766,25.956,25.839,26.686,27.034,25.231,23.836,24.258,25.049,24.941,25.145,25.049,24.447,24.839,24.931,24.571,24.382,24.36,24.42,24.279,24.096,24.78,25.418,24.468,22.872,23.303,23.733,23.352,22.872,23.162,22.817,22.91,23.76,22.796,21.301,21.601,23.02,22.115,21.062,20.99,21.285,20.923,20.722,20.828,20.873,20.812,20.711,20.745,20.873,20.929,20.761,20.65,20.75,20.616,20.605,20.694,20.706,20.622,20.655,20.739,20.722,20.616,20.56,20.834,21.235,21.424,21.151,20.817,20.834,20.65,20.689,20.773,20.65,20.493,20.471,20.532,20.515,20.459,20.51,20.616,20.622,20.409,20.443,20.605,20.56,20.409,20.588,20.711,20.493,20.594,20.538,20.403,20.403,20.403,20.471,20.482,20.415,20.504,20.426,20.398,20.571,20.616,20.527,20.471,20.543,20.459,20.398,20.443,20.521,20.487,20.381,20.347,20.431,20.437,20.532,20.521,20.375,20.415,20.476,20.471,20.437,20.437,20.454,20.426,20.37,20.381,20.431,20.448,20.437,20.426,20.409,20.398
20.1,20.196,20.319,20.252,20.196,20.174,20.185,20.196,20.117,20.263,20.398,20.297,20.218,20.275,20.303,20.196,20.207,20.319,20.347,20.258,20.207,20.213,20.275,20.325,20.325,20.37,20.392,20.359,20.359,20.331,20.291,20.308,20.403,20.426,20.392,20.409,20.398,20.314,20.336,20.465,20.291,20.364,20.476,20.359,20.359,20.426,20.476,20.459,20.359,20.426,20.515,20.459,20.42,20.499,20.566,20.538,20.549,20.599,20.633,20.611,20.527,20.56,20.622,20.583,20.555,20.527,20.538,20.583,20.51,20.577,20.638,20.543,20.515,20.549,20.566,20.538,20.583,20.577,20.571,20.622,20.588,20.521,20.504,20.56,20.588,20.515,20.476,20.555,20.577,20.588,20.588,20.583,20.644,20.577,20.532,20.616,20.543,20.515,20.555,20.583,20.605,20.616,20.661,20.728,20.644,20.594,20.599,20.599,20.65,20.555,21.085,22.373,24.484,25.011,23.998,23.69,24.171,25.134,24.796,23.412,23.053,24.941,26.11,24.915,24.646,25.391,26.014,25.732,25.881,26.11,26.083,25.839,25.444,25.615,26.718,27.653,26.982,26.829,27.559,27.951,27.36,27.239,27.276,26.992,27.894,28.471,27.543,26.019,24.366,24.279,25.428,25.924,26.48,26.586,25.727,24.721,24.317,24.786,25.386,25.322,24.968,25.716,26.263,25.636,25.556,26.443,26.628,25.578,25.519,25.77,26.051,26.269,26.681,27.229,27.202,26.697,26.56,26.438,26.475,26.708,27.134,26.523,25.652,25.716,25.908,26.29,26.412,26.205,25.839,26.438,26.887,26.115,24.463,24.732,25.823,25.322,23.814,24.527,25.706,24.888,24.339,24.882,24.855,23.467,22.801,23.189,24.301,24.855,24.603,23.906,23.124,22.642,22.697,22.992,23.074,22.9,22.719,23.08,23.565,23.521,23.194,22.021,21.534,22.131,21.351,20.973,21.179,21.157,20.795,20.851,21.201,21.246,21.012,20.789,20.773,20.828,20.806,20.711,20.644,20.678,20.761,20.778,20.706,20.655,20.616,20.655,20.666,20.627,20.778,20.342,20.806,22.252,22.093,21.362,20.834,20.745,20.566,20.655,20.789,20.711,20.694,20.627,20.527,20.476,20.459,20.476,20.51,20.532,20.493,20.471,20.504,20.549,20.555,20.622,20.638,20.56,20.482,20.538,20.555,20.431,20.437,20.426,20.426,20.471,20.532,20.476,20.437,20.504,20.471,20.42,20.459,20.549,20.532,20.437,20.415,20.482,20.426,20.415,20.431,20.431,20.482,20.459,20.415,20.431,20.465,20.51,20.51,20.493,20.493,20.465,20.409,20.375,20.392,20.426,20.403,20.364,20.353,20.398,20.437
20.23,20.297,20.331,20.269,20.252,20.224,20.207,20.224,20.179,20.252,20.325,20.28,20.246,20.28,20.325,20.314,20.347,20.336,20.319,20.342,20.275,20.286,20.331,20.303,20.319,20.415,20.437,20.347,20.336,20.359,20.353,20.325,20.303,20.403,20.471,20.398,20.403,20.325,20.325,20.448,20.347,20.381,20.487,20.465,20.342,20.437,20.549,20.465,20.443,20.499,20.487,20.381,20.465,20.571,20.56,20.499,20.633,20.644,20.588,20.633,20.571,20.627,20.666,20.571,20.515,20.515,20.571,20.622,20.583,20.583,20.594,20.56,20.599,20.611,20.577,20.566,20.638,20.599,20.566,20.65,20.594,20.515,20.493,20.51,20.577,20.599,20.577,20.588,20.616,20.627,20.627,20.644,20.666,20.678,20.638,20.588,20.538,20.538,20.611,20.678,20.672,20.616,20.605,20.655,20.566,20.638,20.678,20.56,20.633,20.689,20.851,21.34,22.56,24.382,25.231,24.888,24.404,25.252,26.12,25.626,24.904,25.716,26.465,25.53,24.171,24.866,25.881,25.113,24.909,25.182,25.562,25.647,25.812,26.311,27.213,27.941,27.941,27.071,26.934,27.789,27.139,26.512,25.998,25.535,26.21,27.092,26.808,25.562,23.836,22.445,23.173,24.855,25.578,25.77,25.562,25.364,24.667,24.823,25.732,26.115,25.604,25.764,26.152,25.908,25.77,26.338,26.539,25.855,25.439,25.903,26.597,26.665,26.855,27.239,27.145,26.597,26.718,26.353,25.918,26.057,26.396,25.908,25.225,25.407,26.147,26.57,26.375,26.216,26.369,26.792,25.908,24.226,24.893,25.588,25.177,24.468,24.474,24.786,24.872,24.646,24.684,24.36,23.597,23.124,23.765,24.031,23.977,24.096,23.265,22.505,22.384,22.505,22.472,22.992,23.505,23.45,23.391,23.391,23.358,23.227,23.282,22.373,21.157,20.918,21.783,22.384,22.329,22.357,22.894,22.516,21.634,21.368,21.079,20.845,20.806,20.856,20.817,20.717,20.745,20.879,20.812,20.767,20.722,20.655,20.616,20.75,20.845,20.756,20.499,20.968,22.236,23.036,22.263,21.246,20.739,20.577,20.527,20.583,20.678,20.739,20.806,20.7,20.56,20.566,20.56,20.465,20.431,20.532,20.515,20.521,20.549,20.56,20.532,20.56,20.594,20.583,20.566,20.588,20.571,20.499,20.51,20.471,20.465,20.538,20.493,20.515,20.527,20.465,20.459,20.387,20.426,20.599,20.583,20.532,20.504,20.493,20.459,20.482,20.527,20.515,20.431,20.415,20.499,20.555,20.493,20.493,20.532,20.527,20.465,20.448,20.431,20.375,20.387,20.437,20.493,20.527,20.499,20.471,20.465
20.291,20.325,20.258,20.168,20.196,20.258,20.263,20.235,20.235,20.207,20.202,20.252,20.275,20.263,20.28,20.359,20.403,20.319,20.275,20.364,20.319,20.37,20.392,20.308,20.336,20.403,20.392,20.331,20.291,20.342,20.398,20.359,20.207,20.291,20.443,20.392,20.387,20.375,20.375,20.398,20.387,20.364,20.42,20.521,20.381,20.437,20.532,20.465,20.521,20.527,20.443,20.387,20.487,20.504,20.476,20.538,20.616,20.611,20.571,20.588,20.566,20.627,20.644,20.56,20.549,20.56,20.594,20.644,20.616,20.577,20.566,20.583,20.627,20.633,20.588,20.56,20.661,20.616,20.549,20.605,20.538,20.504,20.521,20.538,20.538,20.633,20.678,20.605,20.616,20.65,20.655,20.633,20.633,20.666,20.627,20.543,20.588,20.605,20.616,20.655,20.622,20.599,20.583,20.566,20.538,20.672,20.711,20.566,20.599,20.745,20.761,20.761,21.118,23.575,25.193,24.306,23.679,24.527,25.876,26.035,25.743,25.215,25.193,25.487,24.414,25.348,26.369,25.332,24.614,24.898,25.62,25.796,26.491,26.871,26.644,26.565,27.794,27.48,26.628,27.034,26.892,25.881,24.968,25,25.295,25.322,25.37,25.551,24.657,22.697,21.866,22.681,22.637,23.385,25.172,26.438,25.578,24.657,25.182,26.221,26.094,25.95,26.051,26.115,25.993,25.918,26.248,26.634,26.062,25.961,26.422,26.628,26.686,27.003,27.018,26.607,26.713,26.226,25.658,25.711,25.7,25.817,25.743,25.615,26.723,26.839,26.327,26.517,26.771,26.147,24.786,24.144,25.599,25.594,24.188,23.836,25.006,24.646,23.695,24.134,24.727,23.619,22.85,24.096,25.407,24.979,23.374,22.752,22.324,22.423,22.708,22.741,22.921,23.303,23.586,23.635,23.858,23.113,22.494,22.828,22.362,21.739,21.324,21.429,23.167,24.274,24.08,23.852,24.101,22.905,21.307,21.001,20.867,20.8,20.75,20.767,20.845,20.795,20.784,20.901,20.706,20.638,20.728,20.75,20.717,20.873,20.996,20.929,20.683,22.538,23.901,22.812,21.689,20.834,20.605,20.532,20.577,20.51,20.504,20.678,20.728,20.678,20.611,20.616,20.583,20.521,20.515,20.56,20.51,20.549,20.616,20.583,20.51,20.532,20.594,20.583,20.627,20.583,20.521,20.555,20.555,20.504,20.499,20.549,20.476,20.487,20.527,20.51,20.527,20.448,20.443,20.571,20.515,20.532,20.555,20.504,20.493,20.504,20.499,20.471,20.415,20.459,20.538,20.521,20.459,20.482,20.527,20.487,20.398,20.459,20.499,20.398,20.375,20.465,20.577,20.605,20.594,20.51,20.448
20.157,20.308,20.336,20.117,20.067,20.213,20.303,20.196,20.168,20.202,20.213,20.174,20.246,20.269,20.23,20.23,20.235,20.303,20.319,20.258,20.275,20.342,20.359,20.314,20.325,20.347,20.347,20.331,20.314,20.319,20.319,20.303,20.263,20.235,20.303,20.409,20.353,20.409,20.459,20.381,20.364,20.331,20.375,20.482,20.448,20.409,20.437,20.499,20.465,20.437,20.471,20.51,20.465,20.426,20.459,20.51,20.415,20.56,20.666,20.515,20.515,20.555,20.583,20.583,20.588,20.622,20.599,20.543,20.555,20.543,20.555,20.611,20.588,20.605,20.577,20.493,20.611,20.65,20.549,20.487,20.493,20.515,20.577,20.644,20.577,20.577,20.616,20.594,20.566,20.605,20.622,20.588,20.678,20.616,20.504,20.543,20.622,20.594,20.555,20.605,20.594,20.599,20.616,20.616,20.577,20.571,20.599,20.622,20.683,20.683,20.622,20.745,21.39,22.905,23.597,23.036,23.14,22.96,22.916,23.254,23.189,22.774,23.069,24.09,24.333,25.844,26.892,26.195,25.193,25.439,25.871,25.305,25.855,26.306,25.934,25.498,26.491,27.092,26.787,26.486,26.528,26.078,25.876,26.322,26.343,25.396,24.952,25.604,25.364,23.744,22.115,21.806,21.512,22.368,24.571,26.364,26.428,25.37,25.215,26.285,26.099,25.801,26.014,26.443,26.412,25.945,26.163,27.018,26.729,25.833,25.695,26.449,26.66,26.697,26.75,26.86,26.713,25.977,25.444,25.647,25.961,26.47,26.48,26.083,26.385,26.099,25.887,26.343,26.523,25.423,24.909,25.865,25.514,25.364,25.081,24.312,23.749,23.445,23.722,24.101,23.803,23.38,23.988,25.086,24.813,23.933,23.047,22.593,22.549,22.631,22.894,23.227,23.369,23.009,22.796,23.096,23.096,22.483,22.07,22.203,21.151,21.101,22.236,23.063,23.771,24.85,24.974,23.879,22.494,21.118,20.616,20.683,20.678,20.75,20.694,20.56,20.75,20.839,20.711,20.605,20.638,20.689,20.761,20.851,20.862,20.929,20.901,20.912,21.584,23.608,24.026,22.148,21.129,20.566,20.549,20.588,20.633,20.504,20.443,20.599,20.666,20.706,20.633,20.532,20.493,20.583,20.611,20.515,20.56,20.566,20.543,20.577,20.638,20.599,20.577,20.644,20.51,20.51,20.583,20.56,20.56,20.476,20.443,20.527,20.527,20.448,20.454,20.555,20.482,20.487,20.521,20.471,20.443,20.454,20.471,20.459,20.415,20.459,20.431,20.314,20.51,20.499,20.353,20.381,20.431,20.527,20.532,20.437,20.415,20.521,20.56,20.454,20.392,20.487,20.532,20.415,20.443,20.454,20.437
20.112,20.19,20.23,20.168,20.14,20.23,20.258,20.174,20.218,20.258,20.224,20.19,20.252,20.28,20.23,20.19,20.145,20.246,20.319,20.269,20.336,20.291,20.241,20.314,20.241,20.286,20.381,20.37,20.331,20.331,20.291,20.218,20.336,20.381,20.331,20.331,20.325,20.342,20.381,20.398,20.297,20.392,20.504,20.431,20.471,20.398,20.359,20.454,20.403,20.443,20.487,20.431,20.476,20.471,20.431,20.431,20.364,20.555,20.689,20.555,20.638,20.605,20.543,20.588,20.543,20.482,20.521,20.627,20.599,20.56,20.555,20.566,20.588,20.599,20.538,20.471,20.605,20.65,20.532,20.454,20.521,20.627,20.661,20.633,20.549,20.566,20.627,20.599,20.555,20.549,20.571,20.577,20.655,20.65,20.594,20.594,20.51,20.594,20.627,20.476,20.454,20.571,20.661,20.627,20.605,20.56,20.599,20.706,20.638,20.644,20.672,20.689,20.828,22.043,22.746,22.252,22.927,22.878,22.856,23.624,23.803,23.205,22.96,23.527,23.265,23.352,24.56,25.823,25.375,25.551,25.956,25.695,25.764,26.839,27.281,26.353,25.524,25.871,26.676,26.565,25.924,25.716,26.274,26.692,26.454,25.551,24.748,24.667,25.263,24.753,23.129,22.159,22.395,22.384,23.646,25.887,25.743,24.963,25.032,25.844,26.115,25.674,25.626,26.422,26.839,26.269,25.998,26.755,26.913,25.754,25.439,26.787,27.034,26.908,26.433,25.993,25.961,25.945,25.94,25.998,25.95,26.454,26.66,26.163,26.104,26.014,25.972,26.03,25.956,25.364,25.53,26.549,26.628,25.423,24.058,23.836,24.36,23.782,23.009,23.429,23.971,24.004,24.171,24.732,23.793,23.2,23.025,22.522,21.883,21.922,22.648,23.107,23.042,23.124,23.08,22.724,22.626,22.104,21.496,21.246,20.465,21.496,23.216,23.559,23.565,24.085,23.69,22.082,21.207,20.839,20.839,20.745,20.65,20.784,20.851,20.7,20.767,20.722,20.611,20.599,20.599,20.784,20.918,20.834,20.728,20.879,20.979,20.962,21.861,22.828,22.461,21.29,20.839,20.599,20.499,20.431,20.454,20.51,20.515,20.527,20.745,20.834,20.722,20.65,20.638,20.588,20.527,20.527,20.532,20.51,20.521,20.571,20.504,20.465,20.538,20.638,20.622,20.566,20.499,20.465,20.499,20.487,20.448,20.459,20.482,20.465,20.459,20.487,20.426,20.454,20.465,20.403,20.538,20.454,20.319,20.381,20.381,20.42,20.448,20.431,20.415,20.364,20.347,20.381,20.342,20.499,20.549,20.37,20.465,20.487,20.437,20.454,20.426,20.443,20.465,20.437,20.409,20.387,20.375
20.235,20.218,20.207,20.218,20.23,20.258,20.258,20.241,20.246,20.252,20.235,20.224,20.303,20.303,20.246,20.258,20.342,20.336,20.263,20.235,20.179,20.246,20.319,20.291,20.314,20.426,20.437,20.325,20.364,20.426,20.375,20.286,20.364,20.403,20.353,20.325,20.398,20.392,20.347,20.364,20.319,20.426,20.493,20.392,20.381,20.403,20.431,20.443,20.459,20.487,20.459,20.409,20.415,20.443,20.471,20.493,20.443,20.521,20.655,20.694,20.65,20.622,20.638,20.644,20.549,20.515,20.588,20.655,20.644,20.588,20.555,20.577,20.571,20.605,20.599,20.543,20.577,20.588,20.538,20.521,20.588,20.633,20.594,20.549,20.527,20.571,20.627,20.622,20.555,20.532,20.566,20.599,20.627,20.683,20.678,20.605,20.527,20.599,20.655,20.571,20.611,20.627,20.633,20.683,20.678,20.633,20.638,20.706,20.661,20.666,20.689,20.683,20.605,21.096,22.186,23.063,23.575,23.009,22.735,23.657,24.619,23.814,22.883,23.679,24.635,23.966,23.418,24.587,25.086,26.046,26.708,26.576,26.141,26.173,26.913,27.292,25.743,25.059,26.147,27.113,27.034,26.591,26.285,26.189,25.908,25.359,24.597,24.134,24.936,25.118,23.755,22.412,23.003,22.839,22.894,24.231,25.508,26.003,25.775,25.791,25.934,25.674,25.668,26.301,27.092,26.655,25.652,25.647,26.454,26.316,25.849,26.295,27.076,26.95,26.248,26.099,25.844,25.727,25.631,25.535,25.844,26.708,26.892,26.131,25.391,25.642,25.934,25.322,24.904,25.348,25.684,25.134,24.925,23.733,22.79,23.102,23.467,23.7,23.423,23.14,24.004,23.906,23.162,23.063,22.697,22.483,22.428,22.329,22.186,22.746,23.287,23.129,23.014,22.91,22.697,22.362,22.021,21.462,21.023,21.023,21.418,23.173,23.977,22.927,22.576,22.313,21.579,20.644,20.638,20.906,20.94,20.745,20.65,20.817,20.934,20.795,20.739,20.627,20.622,20.745,20.728,20.812,20.845,20.75,20.745,20.823,20.918,21.018,21.379,21.34,20.912,20.683,20.588,20.611,20.594,20.476,20.403,20.454,20.527,20.538,20.633,20.895,20.951,20.739,20.655,20.583,20.543,20.549,20.543,20.521,20.532,20.577,20.487,20.51,20.577,20.56,20.616,20.644,20.56,20.465,20.487,20.527,20.51,20.465,20.448,20.471,20.504,20.521,20.521,20.521,20.515,20.51,20.605,20.459,20.308,20.42,20.504,20.465,20.431,20.504,20.437,20.476,20.549,20.515,20.42,20.51,20.566,20.443,20.499,20.482,20.448,20.482,20.42,20.454,20.504,20.476,20.465,20.515,20.56
20.297,20.235,20.185,20.218,20.202,20.269,20.297,20.224,20.202,20.246,20.28,20.258,20.319,20.275,20.224,20.286,20.403,20.342,20.23,20.263,20.134,20.28,20.403,20.269,20.37,20.487,20.448,20.336,20.375,20.437,20.42,20.364,20.319,20.28,20.325,20.409,20.465,20.398,20.325,20.37,20.37,20.403,20.415,20.387,20.375,20.448,20.482,20.448,20.51,20.493,20.42,20.415,20.426,20.448,20.476,20.521,20.527,20.527,20.588,20.672,20.56,20.588,20.683,20.672,20.605,20.638,20.661,20.588,20.611,20.599,20.577,20.594,20.543,20.577,20.616,20.577,20.543,20.549,20.577,20.577,20.577,20.527,20.504,20.549,20.493,20.521,20.588,20.594,20.532,20.549,20.594,20.588,20.605,20.638,20.644,20.633,20.611,20.611,20.622,20.644,20.7,20.655,20.605,20.655,20.65,20.666,20.666,20.644,20.683,20.722,20.7,20.678,20.711,20.661,21.606,23.238,24.128,23.82,22.998,23.063,24.565,23.944,22.702,23.575,25.471,25.386,24.02,24.047,24.684,25.471,25.839,25.812,25.46,24.522,24.823,26.258,26.168,25.316,25.075,25.833,26.876,26.987,25.913,25.107,25.225,25.14,24.947,25.075,25.273,25.332,24.377,23.025,22.883,23.173,23.036,22.796,24.581,26.258,26.348,25.796,25.796,26.253,26.301,25.849,26.491,26.634,25.812,25.22,26.009,26.961,26.708,25.94,26.929,27.013,26.449,26.507,26.003,25.54,25.402,25.498,26.136,26.237,25.839,25.69,25.46,25.663,25.54,24.872,24.818,25.3,24.952,23.652,23.074,22.757,22.796,22.971,22.982,23.581,23.695,22.998,23.216,23.107,22.373,21.839,22.291,22.373,22.181,22.373,22.686,23.309,23.483,23.063,22.817,22.23,21.927,22.109,21.783,21.235,21.112,21.584,22.653,23.597,22.998,21.645,21.357,20.945,20.89,21.307,21.129,20.806,20.773,20.951,20.828,20.789,20.823,20.789,20.745,20.627,20.655,20.834,20.812,20.706,20.711,20.851,20.945,20.89,20.839,20.906,20.683,20.521,20.538,20.571,20.487,20.555,20.638,20.566,20.465,20.448,20.538,20.599,20.448,20.728,20.979,20.756,20.622,20.51,20.51,20.566,20.605,20.566,20.538,20.583,20.571,20.588,20.583,20.527,20.549,20.599,20.594,20.549,20.493,20.521,20.549,20.499,20.482,20.493,20.521,20.538,20.555,20.532,20.555,20.627,20.515,20.448,20.454,20.454,20.56,20.527,20.431,20.459,20.454,20.605,20.661,20.521,20.499,20.504,20.51,20.515,20.487,20.459,20.476,20.504,20.431,20.504,20.56,20.476,20.471,20.588,20.678
20.174,20.112,20.1,20.196,20.129,20.258,20.291,20.089,20.162,20.308,20.353,20.303,20.275,20.218,20.196,20.218,20.157,20.162,20.275,20.375,20.364,20.325,20.291,20.28,20.269,20.331,20.426,20.459,20.375,20.347,20.359,20.314,20.291,20.241,20.308,20.465,20.437,20.269,20.269,20.454,20.353,20.398,20.471,20.403,20.521,20.493,20.403,20.437,20.443,20.459,20.42,20.364,20.543,20.566,20.437,20.409,20.504,20.588,20.56,20.504,20.538,20.571,20.594,20.627,20.611,20.616,20.605,20.571,20.571,20.605,20.605,20.566,20.56,20.555,20.527,20.51,20.532,20.588,20.599,20.555,20.521,20.493,20.555,20.638,20.459,20.448,20.555,20.538,20.51,20.555,20.588,20.543,20.605,20.566,20.588,20.722,20.611,20.599,20.605,20.504,20.487,20.588,20.638,20.555,20.555,20.616,20.65,20.627,20.638,20.733,20.75,20.666,20.672,20.672,20.945,21.706,23.76,24.952,23.998,22.878,24.117,24.08,22.921,22.823,23.7,24.182,24.285,24.641,24.753,24.117,23.581,23.809,23.885,23.76,23.831,24.35,25.578,25.652,24.29,23.478,24.468,25.748,25.503,24.447,24.904,25.188,25.556,26.242,25.903,25.876,25.434,24.209,23.042,23.325,23.679,22.856,22.763,24.501,25.786,25.263,25.636,26.86,26.797,25.348,25.604,26.348,26.391,25.855,26.025,26.918,27.176,26.544,26.997,27.166,26.613,26.019,25.684,25.684,26.12,26.507,26.576,25.043,24.128,25.225,26.311,26.083,25.113,25.054,25.7,25.316,24.263,23.961,23.998,23.944,23.575,23.32,24.161,23.906,22.861,22.543,22.28,22.648,22.686,22.07,22.467,22.785,22.763,22.686,22.291,22.219,22.56,22.702,22.142,21.673,21.745,21.96,21.977,21.612,21.485,21.899,22.505,22.12,21.196,20.929,20.7,20.706,21.518,22.417,21.529,20.599,20.778,21.357,21.073,20.745,20.722,20.817,20.817,20.655,20.611,20.773,20.706,20.599,20.756,21.068,21.035,20.973,20.867,20.7,20.527,20.56,20.633,20.543,20.532,20.549,20.521,20.471,20.437,20.532,20.644,20.638,20.454,20.527,20.745,20.778,20.706,20.437,20.353,20.571,20.622,20.555,20.51,20.583,20.577,20.515,20.504,20.571,20.594,20.504,20.482,20.571,20.459,20.471,20.527,20.487,20.532,20.549,20.504,20.459,20.431,20.415,20.487,20.588,20.409,20.448,20.527,20.403,20.459,20.51,20.482,20.443,20.347,20.482,20.543,20.375,20.403,20.437,20.443,20.465,20.482,20.415,20.387,20.476,20.499,20.527,20.515,20.465,20.415,20.459,20.521
20.061,20.145,20.241,20.168,20.151,20.185,20.196,20.168,20.224,20.275,20.275,20.269,20.308,20.286,20.241,20.241,20.19,20.174,20.224,20.291,20.303,20.246,20.246,20.331,20.325,20.37,20.42,20.409,20.347,20.331,20.381,20.409,20.336,20.246,20.291,20.415,20.336,20.314,20.403,20.454,20.308,20.37,20.476,20.398,20.415,20.415,20.403,20.42,20.504,20.504,20.415,20.387,20.499,20.515,20.431,20.431,20.555,20.555,20.504,20.56,20.532,20.56,20.571,20.515,20.51,20.527,20.571,20.611,20.588,20.627,20.633,20.571,20.583,20.56,20.549,20.594,20.566,20.566,20.583,20.571,20.566,20.56,20.532,20.51,20.577,20.527,20.493,20.583,20.471,20.504,20.616,20.616,20.65,20.555,20.555,20.717,20.571,20.566,20.594,20.493,20.499,20.51,20.566,20.655,20.65,20.622,20.588,20.577,20.683,20.633,20.583,20.689,20.627,20.611,20.979,21.728,23.2,24.947,24.414,22.461,23.036,24.193,23.841,22.724,24.468,25.567,25.263,25.14,25.796,25.572,24.468,23.901,24.323,24.587,24.409,24.344,24.651,25.209,25.359,25.022,24.684,24.533,24.447,24.209,23.831,24.274,25.338,25.839,25.091,25.391,25.711,24.743,23.668,23.912,24.506,23.971,22.938,23.966,24.898,23.879,23.793,25.972,27.155,25.775,25.791,26.385,26.253,25.37,25.391,26.285,26.971,26.813,26.85,26.141,25.562,25.828,25.918,26.226,26.533,26.475,25.732,24.845,25.204,26.242,25.982,24.834,24.651,25.658,25.658,25.402,24.468,23.407,23.982,24.258,23.733,23.2,22.522,22.938,23.194,22.346,22.104,21.982,22.07,22.412,23.45,23.657,22.954,22.527,22.021,22.23,22.713,22.604,22.021,21.584,21.623,21.778,22.054,21.844,21.629,21.883,21.894,21.362,20.845,20.839,20.7,20.895,21.385,21.617,21.018,20.945,21.329,21.29,20.823,20.644,20.773,20.745,20.638,20.611,20.638,20.616,20.594,20.65,20.745,20.795,20.806,20.8,20.706,20.571,20.504,20.611,20.655,20.515,20.409,20.532,20.599,20.437,20.297,20.499,20.767,20.745,20.633,20.493,20.555,20.745,20.784,20.588,20.426,20.504,20.532,20.527,20.543,20.583,20.504,20.499,20.521,20.499,20.549,20.499,20.465,20.532,20.42,20.431,20.504,20.487,20.515,20.532,20.482,20.437,20.515,20.487,20.465,20.56,20.56,20.431,20.375,20.482,20.504,20.437,20.392,20.443,20.443,20.487,20.538,20.527,20.398,20.437,20.532,20.499,20.51,20.515,20.437,20.364,20.465,20.493,20.437,20.437,20.493,20.493,20.454
20.174,20.28,20.297,20.123,20.235,20.235,20.174,20.224,20.185,20.252,20.303,20.246,20.28,20.347,20.325,20.241,20.241,20.275,20.303,20.297,20.263,20.269,20.319,20.353,20.364,20.364,20.375,20.403,20.387,20.431,20.448,20.37,20.336,20.28,20.308,20.403,20.359,20.403,20.459,20.415,20.347,20.375,20.465,20.493,20.387,20.448,20.527,20.454,20.521,20.487,20.398,20.403,20.409,20.448,20.487,20.515,20.555,20.555,20.56,20.605,20.616,20.577,20.527,20.532,20.51,20.549,20.594,20.583,20.521,20.605,20.661,20.566,20.571,20.594,20.588,20.588,20.577,20.616,20.627,20.588,20.577,20.611,20.594,20.538,20.583,20.56,20.543,20.611,20.504,20.532,20.627,20.638,20.666,20.678,20.638,20.599,20.616,20.599,20.577,20.594,20.605,20.577,20.594,20.678,20.689,20.689,20.644,20.583,20.599,20.678,20.733,20.728,20.65,20.633,20.951,21.507,22.098,23.825,24.882,24.447,24.565,25.118,24.501,23.009,23.641,24.839,24.743,23.874,25.236,25.786,24.689,23.657,23.189,24.101,25.032,24.78,24.748,24.995,25.412,25.578,25.231,24.468,24.468,25.134,24.495,24.845,25.519,25.118,23.798,24.123,25.476,25.61,24.678,24.753,25.482,25.252,23.586,23.38,24.36,24.42,23.787,25.049,26.385,25.796,25.198,25.519,25.934,25.535,25.418,26.21,26.892,26.581,26.088,25.706,25.642,25.626,25.359,25.966,26.639,26.359,25.53,25.118,25.444,25.604,24.77,24.209,24.872,25.812,26.035,24.968,23.738,23.543,23.167,23.347,23.276,22.593,22.357,23.156,23.331,22.263,22.142,21.866,22.076,22.856,23.091,22.932,22.702,22.719,22.549,22.894,22.861,22.109,21.756,21.828,21.993,21.883,21.789,21.712,21.761,21.8,21.307,21.023,20.984,20.851,20.828,20.923,20.901,20.806,21.307,21.623,21.318,20.884,20.65,20.711,20.812,20.706,20.666,20.672,20.666,20.627,20.65,20.678,20.638,20.588,20.605,20.594,20.543,20.521,20.583,20.616,20.555,20.482,20.527,20.527,20.504,20.538,20.555,20.706,20.867,20.895,20.851,20.599,20.482,20.655,20.789,20.717,20.555,20.532,20.499,20.56,20.611,20.571,20.515,20.532,20.566,20.543,20.549,20.588,20.583,20.515,20.403,20.465,20.571,20.543,20.493,20.499,20.471,20.403,20.527,20.577,20.527,20.515,20.543,20.487,20.443,20.504,20.543,20.415,20.37,20.532,20.465,20.465,20.532,20.555,20.611,20.588,20.527,20.527,20.482,20.527,20.521,20.403,20.471,20.465,20.409,20.443,20.555,20.543,20.465
20.252,20.303,20.269,20.151,20.246,20.263,20.23,20.263,20.129,20.241,20.347,20.218,20.246,20.342,20.342,20.241,20.263,20.325,20.353,20.336,20.269,20.297,20.342,20.314,20.297,20.319,20.37,20.403,20.443,20.471,20.42,20.331,20.319,20.319,20.336,20.364,20.398,20.42,20.409,20.392,20.387,20.347,20.398,20.532,20.448,20.482,20.532,20.454,20.437,20.443,20.437,20.42,20.37,20.443,20.532,20.504,20.448,20.527,20.627,20.605,20.65,20.605,20.555,20.599,20.549,20.583,20.605,20.538,20.515,20.577,20.627,20.599,20.549,20.588,20.599,20.521,20.56,20.622,20.622,20.577,20.571,20.555,20.571,20.605,20.521,20.549,20.605,20.571,20.555,20.577,20.588,20.571,20.638,20.728,20.666,20.521,20.605,20.605,20.577,20.65,20.616,20.638,20.655,20.611,20.633,20.694,20.678,20.599,20.532,20.711,20.823,20.678,20.689,20.694,20.739,20.94,21.362,22.702,24.161,24.753,24.909,24.979,24.371,23.26,22.291,22.812,23.51,23.091,23.728,24.285,24.031,23.374,22.214,23.216,24.861,24.791,24.721,24.694,24.834,24.968,24.866,24.587,24.882,25.578,25.444,24.968,24.527,24.279,23.76,23.575,24.63,25.913,25.386,25.107,25.647,25.945,24.753,23.831,24.737,26.025,25.011,24.09,24.705,25.631,24.839,24.382,24.979,25.615,25.535,25.903,26.343,26.184,25.466,25.706,26.099,25.54,24.866,25.375,26.38,26.428,25.849,25.22,24.807,24.474,24.09,24.425,24.796,24.538,24.689,23.717,23.14,23.787,22.686,22.659,23.173,22.878,23.347,23.456,22.768,22.104,22.192,22.313,22.472,22.631,21.844,21.673,22.247,22.554,22.724,22.801,22.318,21.612,21.59,21.866,22.015,21.872,21.579,21.54,21.612,21.457,21.19,21.118,21.174,21.101,21.023,20.845,20.7,20.812,21.778,21.822,20.968,20.611,20.666,20.806,20.806,20.75,20.795,20.739,20.65,20.661,20.678,20.611,20.543,20.571,20.555,20.549,20.532,20.521,20.588,20.566,20.476,20.459,20.616,20.499,20.392,20.605,20.817,20.906,20.901,20.957,20.957,20.834,20.65,20.571,20.611,20.655,20.644,20.616,20.555,20.588,20.611,20.549,20.605,20.616,20.577,20.566,20.532,20.605,20.616,20.504,20.476,20.527,20.583,20.566,20.487,20.487,20.487,20.437,20.504,20.555,20.549,20.543,20.482,20.56,20.588,20.465,20.515,20.448,20.426,20.538,20.42,20.437,20.487,20.448,20.683,20.644,20.459,20.487,20.443,20.487,20.543,20.521,20.499,20.465,20.443,20.454,20.521,20.543,20.515
20.123,20.19,20.28,20.224,20.168,20.151,20.241,20.331,20.179,20.213,20.269,20.168,20.263,20.314,20.28,20.275,20.297,20.286,20.275,20.297,20.246,20.23,20.263,20.286,20.207,20.319,20.437,20.375,20.454,20.387,20.325,20.42,20.342,20.347,20.353,20.28,20.325,20.375,20.398,20.403,20.353,20.297,20.336,20.437,20.454,20.409,20.37,20.387,20.364,20.448,20.521,20.471,20.387,20.459,20.51,20.415,20.364,20.465,20.599,20.616,20.577,20.616,20.65,20.577,20.493,20.527,20.583,20.56,20.638,20.605,20.571,20.644,20.555,20.56,20.583,20.521,20.543,20.549,20.538,20.549,20.583,20.493,20.437,20.521,20.555,20.577,20.56,20.543,20.555,20.555,20.538,20.538,20.622,20.611,20.56,20.583,20.504,20.527,20.594,20.588,20.51,20.577,20.65,20.583,20.583,20.616,20.611,20.56,20.594,20.605,20.577,20.594,20.678,20.717,20.644,20.683,21.318,22.373,22.532,21.894,22.054,23.282,23.939,23.271,22.697,22.489,23.276,24.15,23.314,23.271,23.928,23.933,23.358,23.603,24.323,24.366,23.755,24.09,24.968,24.99,23.917,23.695,24.382,24.624,24.743,23.391,22.565,23.597,24.764,24.09,23.722,25.247,25.471,24.872,24.979,26.03,25.961,25.166,25.348,26.369,25.241,23.363,23.782,25.833,25.583,24.182,23.879,24.995,25.145,24.936,25.322,26.131,25.562,25.182,25.343,25.444,25.268,25.434,25.972,26.221,25.53,24.872,24.759,24.775,24.29,24.226,23.896,22.932,22.12,22.702,23.548,23.26,22.992,23.118,23.646,23.879,23.167,22.5,22.115,21.833,22.203,22.582,22.395,21.927,21.518,21.761,22.054,21.811,21.905,21.761,21.529,21.545,21.662,21.579,21.451,21.529,21.695,21.634,21.268,21.012,21.229,21.218,21.274,21.595,21.346,21.062,20.984,21.046,21.429,21.479,21.046,20.706,20.694,20.761,20.789,20.784,20.75,20.7,20.622,20.555,20.543,20.543,20.549,20.555,20.555,20.599,20.583,20.499,20.515,20.555,20.532,20.465,20.465,20.459,20.476,20.538,20.678,20.834,20.923,20.951,20.962,20.996,20.851,20.588,20.459,20.549,20.672,20.644,20.594,20.571,20.549,20.532,20.666,20.678,20.538,20.459,20.482,20.521,20.504,20.476,20.571,20.549,20.487,20.532,20.482,20.487,20.527,20.538,20.555,20.465,20.471,20.622,20.555,20.555,20.543,20.459,20.476,20.493,20.454,20.415,20.431,20.443,20.437,20.454,20.499,20.527,20.482,20.426,20.471,20.499,20.499,20.515,20.471,20.476,20.471,20.42,20.459,20.515,20.527
20.151,20.157,20.174,20.078,20.1,20.134,20.174,20.207,20.202,20.213,20.202,20.168,20.213,20.275,20.297,20.297,20.28,20.263,20.291,20.342,20.291,20.28,20.291,20.275,20.258,20.297,20.392,20.459,20.415,20.364,20.342,20.336,20.297,20.364,20.392,20.308,20.286,20.342,20.387,20.364,20.381,20.42,20.426,20.398,20.37,20.375,20.381,20.37,20.359,20.37,20.426,20.471,20.426,20.431,20.415,20.364,20.465,20.527,20.543,20.577,20.521,20.588,20.661,20.605,20.487,20.588,20.655,20.51,20.566,20.661,20.633,20.549,20.577,20.555,20.487,20.471,20.521,20.583,20.549,20.487,20.566,20.549,20.437,20.409,20.499,20.555,20.51,20.493,20.622,20.588,20.543,20.655,20.611,20.521,20.538,20.627,20.527,20.538,20.594,20.56,20.555,20.633,20.627,20.51,20.51,20.627,20.65,20.527,20.555,20.644,20.655,20.594,20.616,20.728,20.767,20.722,20.823,21.329,21.85,21.916,21.346,21.761,23.025,23.717,23.944,23.025,22.587,23.287,22.434,22.087,23.7,25.519,24.834,23.532,23.129,23.586,24.236,24.36,24.161,24.123,22.921,22.96,23.787,23.776,23.847,23.249,23.227,24.231,25.054,24.031,23.107,24.074,25.016,24.247,23.662,24.941,26.073,25.924,25.812,26.766,26.602,25.129,24.549,25.615,25.892,24.651,24.226,25.636,25.956,25.268,25.327,26.443,25.844,24.247,23.619,24.452,25.354,25.78,24.984,24.004,24.344,24.274,24.069,24.22,23.222,23.336,23.336,22.291,23.32,23.581,22.724,22.247,22.28,22.56,22.757,22.697,22.324,22.048,21.734,21.451,22.28,22.719,22.131,21.518,21.623,22.065,22.115,21.695,21.418,21.301,21.368,21.407,21.257,21.507,21.662,21.396,21.562,21.412,21.157,21.201,21.062,21.246,21.888,22.39,22.12,21.772,21.34,20.89,21.101,21.335,21.151,20.828,20.867,20.851,20.761,20.745,20.706,20.661,20.599,20.549,20.532,20.487,20.487,20.566,20.56,20.56,20.499,20.409,20.431,20.493,20.493,20.454,20.482,20.527,20.493,20.431,20.487,20.756,21.029,21.096,20.945,20.8,20.767,20.756,20.694,20.661,20.655,20.644,20.655,20.616,20.543,20.527,20.577,20.532,20.443,20.437,20.487,20.599,20.594,20.493,20.588,20.543,20.482,20.56,20.504,20.51,20.555,20.538,20.504,20.493,20.543,20.588,20.51,20.499,20.515,20.487,20.504,20.56,20.487,20.347,20.465,20.476,20.454,20.538,20.454,20.56,20.594,20.403,20.443,20.409,20.359,20.403,20.403,20.532,20.499,20.286,20.387,20.465,20.448
20.218,20.218,20.252,20.207,20.129,20.112,20.174,20.23,20.207,20.174,20.202,20.252,20.218,20.218,20.275,20.319,20.252,20.19,20.241,20.347,20.314,20.331,20.331,20.263,20.258,20.303,20.409,20.51,20.409,20.381,20.387,20.336,20.297,20.353,20.387,20.336,20.308,20.336,20.342,20.297,20.381,20.443,20.454,20.465,20.409,20.42,20.426,20.381,20.415,20.403,20.398,20.454,20.482,20.443,20.448,20.532,20.532,20.588,20.605,20.549,20.543,20.577,20.571,20.521,20.482,20.571,20.638,20.583,20.588,20.611,20.56,20.499,20.583,20.571,20.499,20.521,20.515,20.577,20.583,20.51,20.56,20.56,20.527,20.543,20.515,20.555,20.583,20.555,20.588,20.611,20.611,20.605,20.515,20.555,20.627,20.577,20.543,20.549,20.594,20.633,20.571,20.644,20.683,20.571,20.515,20.583,20.611,20.527,20.577,20.655,20.666,20.65,20.689,20.661,20.672,20.784,20.611,20.862,21.656,22.285,22.258,22.087,22.351,22.932,23.51,22.527,22.142,23.586,24.144,23.391,23.668,25.38,24.296,23.565,24.112,24.619,24.431,23.418,22.713,22.856,22.472,22.5,22.713,22.719,23.222,24.247,24.495,23.912,24.468,23.928,22.976,23.211,24.737,24.312,23.063,23.597,24.877,26.009,26.465,26.745,27.134,26.787,25.945,25.652,26.502,26.195,25.22,25.236,25.871,25.391,24.7,25.049,25.193,24.101,23.472,24.431,25.583,24.624,23.145,23.603,24.732,24.979,24.29,23.879,23.031,22.905,23.418,23.7,24.667,23.69,22.131,22.175,21.794,22.406,22.85,22.28,22.346,22.186,22.043,22.241,22.543,22.351,21.761,21.49,21.8,21.982,21.723,21.424,21.412,21.446,21.313,21.14,21.313,21.473,21.318,21.096,21.324,21.268,21.068,21.096,20.89,21.079,21.617,21.922,21.866,21.706,21.385,21.073,21.201,21.756,21.844,21.29,21.012,20.823,20.733,20.689,20.706,20.622,20.555,20.605,20.633,20.555,20.471,20.504,20.549,20.527,20.448,20.437,20.476,20.532,20.56,20.56,20.543,20.532,20.599,20.694,20.532,20.543,20.789,20.951,20.879,20.834,20.828,20.767,20.694,20.644,20.588,20.549,20.633,20.611,20.515,20.515,20.527,20.499,20.465,20.476,20.493,20.616,20.65,20.543,20.543,20.56,20.555,20.532,20.504,20.487,20.51,20.543,20.521,20.566,20.566,20.487,20.504,20.599,20.571,20.431,20.465,20.482,20.454,20.454,20.499,20.487,20.476,20.521,20.487,20.521,20.538,20.476,20.415,20.403,20.375,20.325,20.387,20.504,20.515,20.426,20.392,20.415,20.454
20.224,20.23,20.252,20.269,20.162,20.162,20.258,20.291,20.218,20.168,20.207,20.269,20.263,20.207,20.23,20.336,20.263,20.207,20.235,20.28,20.275,20.291,20.291,20.263,20.258,20.347,20.431,20.431,20.375,20.375,20.387,20.342,20.314,20.308,20.325,20.347,20.336,20.364,20.342,20.286,20.387,20.375,20.381,20.515,20.482,20.448,20.431,20.403,20.437,20.454,20.448,20.454,20.454,20.431,20.499,20.616,20.471,20.527,20.599,20.487,20.549,20.571,20.504,20.459,20.521,20.538,20.555,20.622,20.588,20.538,20.515,20.521,20.566,20.566,20.56,20.588,20.555,20.532,20.549,20.571,20.56,20.527,20.566,20.638,20.527,20.571,20.666,20.611,20.543,20.605,20.633,20.543,20.527,20.644,20.678,20.555,20.549,20.594,20.622,20.605,20.538,20.583,20.666,20.644,20.588,20.566,20.571,20.577,20.638,20.605,20.588,20.683,20.739,20.661,20.605,20.706,20.666,20.828,21.667,22.702,23.352,22.932,21.993,21.778,22.17,21.883,22.076,23.456,25.14,24.646,23.32,23.499,22.856,23.287,24.414,24.641,23.532,22.461,22.324,22.565,22.708,22.565,22.258,22.252,22.79,24.226,24.366,23.091,23.673,24.15,23.722,23.309,24.436,25.081,24.377,23.597,23.684,24.651,25.402,25.423,26.189,26.997,26.676,25.823,26.533,26.866,25.732,24.398,24.517,24.608,23.944,23.314,24.328,24.915,24.538,24.231,24.49,23.641,23.243,24.296,24.716,24.506,23.771,23.32,23.597,23.391,23.45,24.166,24.004,23.031,22.494,22.889,22.763,23.053,23.331,23.118,22.949,22.368,22.126,22.439,22.037,21.606,21.601,21.811,21.877,21.706,21.501,21.512,21.64,21.512,21.235,21.196,21.568,21.473,21.018,20.901,21.135,21.257,21.107,20.996,21.24,21.19,20.895,20.828,20.94,20.984,21.012,21.157,21.296,21.833,21.899,21.263,20.912,20.7,20.644,20.627,20.683,20.616,20.549,20.616,20.65,20.616,20.532,20.493,20.555,20.527,20.459,20.493,20.555,20.566,20.56,20.588,20.515,20.583,20.823,20.957,20.739,20.499,20.482,20.588,20.694,20.828,20.812,20.678,20.588,20.633,20.678,20.616,20.616,20.56,20.51,20.527,20.521,20.543,20.555,20.538,20.515,20.549,20.566,20.521,20.476,20.571,20.605,20.482,20.476,20.476,20.493,20.538,20.566,20.566,20.51,20.471,20.527,20.65,20.594,20.403,20.403,20.398,20.426,20.515,20.482,20.482,20.482,20.448,20.493,20.459,20.443,20.527,20.482,20.465,20.448,20.398,20.403,20.409,20.454,20.527,20.409,20.42,20.504
20.185,20.168,20.072,20.027,20.106,20.28,20.308,20.202,20.241,20.241,20.196,20.196,20.263,20.241,20.235,20.336,20.291,20.319,20.314,20.224,20.246,20.252,20.252,20.297,20.325,20.392,20.398,20.347,20.319,20.353,20.342,20.275,20.303,20.28,20.28,20.359,20.319,20.381,20.409,20.342,20.42,20.375,20.342,20.459,20.437,20.403,20.409,20.42,20.398,20.409,20.459,20.482,20.359,20.364,20.459,20.471,20.392,20.426,20.459,20.403,20.471,20.549,20.555,20.527,20.583,20.583,20.532,20.515,20.471,20.571,20.627,20.532,20.543,20.555,20.555,20.566,20.594,20.532,20.499,20.577,20.56,20.538,20.515,20.499,20.487,20.583,20.633,20.571,20.599,20.588,20.594,20.661,20.672,20.638,20.616,20.638,20.566,20.655,20.65,20.448,20.51,20.538,20.538,20.594,20.627,20.633,20.616,20.616,20.65,20.577,20.555,20.672,20.644,20.761,20.778,20.605,20.611,20.515,21.49,23.102,23.314,22.527,21.723,21.723,22.021,22.313,22.059,21.772,23.102,23.407,22.62,22.423,22.861,22.702,22.28,22.412,22.576,22.834,23.063,23.162,23.014,22.883,22.73,22.522,22.318,22.79,23.287,23.243,23.608,24.49,24.506,23.646,23.793,25.364,25.855,24.393,23.537,23.031,23.222,23.831,25.198,26.502,26.359,25.487,25.53,25.727,25.284,24.377,23.565,23.912,24.096,23.336,24.253,25.257,24.608,23.134,22.796,24.296,24.974,23.554,22.856,22.192,22.037,22.434,23.499,23.69,22.828,22.307,22.489,22.807,23.014,23.238,24.139,23.624,22.954,23.478,22.807,22.021,21.557,21.29,21.057,21.257,21.767,22.026,21.883,21.75,21.866,21.982,21.568,21.118,21.19,21.523,21.429,21.44,21.307,20.984,21.079,21.213,21.229,21.279,21.883,21.651,20.862,20.638,20.694,20.806,20.823,20.828,20.984,21.185,21.018,20.65,20.7,20.638,20.532,20.583,20.611,20.616,20.594,20.571,20.538,20.555,20.588,20.594,20.577,20.532,20.476,20.459,20.532,20.51,20.448,20.476,20.448,20.745,20.99,20.879,20.828,20.711,20.538,20.443,20.532,20.555,20.577,20.694,20.666,20.75,20.862,20.839,20.694,20.56,20.538,20.56,20.499,20.532,20.594,20.577,20.555,20.515,20.471,20.459,20.476,20.56,20.577,20.504,20.482,20.538,20.566,20.521,20.549,20.493,20.465,20.543,20.538,20.532,20.515,20.493,20.426,20.448,20.465,20.415,20.459,20.493,20.482,20.471,20.448,20.487,20.51,20.487,20.583,20.487,20.415,20.527,20.409,20.37,20.392,20.359,20.381,20.459,20.51
20.241,20.252,20.157,20.106,20.179,20.269,20.207,20.095,20.185,20.269,20.263,20.246,20.286,20.252,20.218,20.275,20.286,20.303,20.28,20.235,20.331,20.409,20.387,20.325,20.224,20.325,20.431,20.359,20.398,20.375,20.319,20.319,20.303,20.286,20.297,20.331,20.286,20.303,20.353,20.359,20.336,20.375,20.409,20.381,20.403,20.392,20.409,20.476,20.42,20.353,20.403,20.51,20.375,20.375,20.465,20.448,20.359,20.381,20.454,20.448,20.476,20.504,20.51,20.527,20.566,20.599,20.566,20.493,20.448,20.538,20.622,20.571,20.538,20.577,20.583,20.527,20.566,20.594,20.555,20.515,20.566,20.56,20.493,20.471,20.515,20.599,20.633,20.616,20.594,20.538,20.566,20.678,20.599,20.577,20.627,20.644,20.538,20.594,20.622,20.482,20.499,20.577,20.599,20.549,20.566,20.627,20.599,20.504,20.599,20.599,20.566,20.633,20.622,20.706,20.722,20.605,20.605,20.499,21.251,22.598,23.085,23.063,22.379,21.684,21.606,22.296,22.335,21.44,21.479,21.971,22.461,22.653,22.965,22.511,22.087,22.472,22.96,23.031,22.817,22.976,23.879,23.885,23.325,23.287,22.549,22.779,23.89,24.474,24.431,24.603,24.457,23.755,22.96,24.608,25.684,24.02,22.85,22.549,23.559,24.635,25.332,25.551,24.753,23.717,23.412,23.358,23.429,23.613,24.333,25.45,25.514,24.576,24.215,23.722,23.603,24.026,24.759,24.807,23.624,22.406,21.993,22.148,22.406,22.368,22.439,22.434,22.059,21.629,21.905,21.673,22.478,24.333,24.398,23.89,23.074,22.263,21.34,21.318,21.828,21.839,21.629,22.021,22.428,22.175,21.783,21.728,21.767,21.512,21.362,21.285,21.274,21.251,21.174,21.035,20.918,20.89,20.957,20.996,21.151,21.479,22.098,21.982,21.185,20.767,20.823,21.473,21.568,20.895,21.007,21.085,20.851,20.577,20.543,20.566,20.571,20.571,20.571,20.605,20.594,20.532,20.521,20.56,20.594,20.583,20.555,20.555,20.543,20.493,20.465,20.527,20.56,20.51,20.51,20.767,20.973,20.912,20.934,20.895,20.756,20.644,20.638,20.532,20.487,20.588,20.543,20.577,20.661,20.689,20.717,20.599,20.499,20.566,20.527,20.616,20.65,20.515,20.538,20.549,20.56,20.594,20.588,20.487,20.471,20.588,20.549,20.549,20.527,20.443,20.443,20.415,20.403,20.465,20.599,20.532,20.431,20.51,20.504,20.476,20.443,20.443,20.482,20.493,20.476,20.487,20.476,20.527,20.571,20.549,20.555,20.409,20.392,20.577,20.487,20.403,20.431,20.471,20.392,20.443,20.538
20.235,20.28,20.286,20.258,20.275,20.235,20.19,20.224,20.263,20.308,20.28,20.224,20.241,20.275,20.246,20.196,20.28,20.269,20.252,20.342,20.319,20.37,20.398,20.336,20.28,20.342,20.398,20.353,20.387,20.364,20.336,20.37,20.308,20.325,20.392,20.392,20.347,20.325,20.381,20.448,20.364,20.387,20.493,20.51,20.437,20.392,20.454,20.521,20.471,20.398,20.409,20.471,20.42,20.437,20.487,20.471,20.375,20.443,20.532,20.471,20.476,20.515,20.532,20.521,20.487,20.532,20.594,20.588,20.527,20.549,20.616,20.627,20.566,20.638,20.655,20.521,20.521,20.622,20.694,20.672,20.605,20.577,20.566,20.532,20.515,20.56,20.605,20.594,20.555,20.583,20.633,20.644,20.655,20.611,20.605,20.65,20.538,20.566,20.588,20.482,20.532,20.549,20.555,20.616,20.599,20.599,20.605,20.588,20.577,20.599,20.633,20.666,20.661,20.638,20.627,20.633,20.605,20.627,21.001,21.706,22.965,23.657,23.554,23.298,21.739,21.734,22.214,21.379,21.101,21.412,21.933,22.104,22.236,22.274,22.307,22.439,22.659,22.543,22.839,23.733,24.371,23.912,23.227,23.325,22.719,22.532,22.954,23.238,23.053,22.987,23.167,23.194,22.318,22.406,23.162,23.342,23.679,24.058,23.803,23.118,23.042,22.796,22.175,21.59,20.99,21.629,22.91,23.38,23.211,24.101,24.678,23.787,22.401,23.162,24.925,25.016,24.144,22.938,22.208,22.087,22.67,22.861,22.757,22.878,22.395,21.85,21.673,21.678,21.051,22.263,23.879,23.782,23.036,22.39,22.104,21.85,21.662,21.811,21.916,21.783,22.219,22.604,22.23,21.534,21.307,21.557,21.651,21.279,21.079,21.207,21.263,21.018,21.129,21.073,21.035,21.246,21.401,21.568,21.545,21.412,21.518,21.479,21.168,20.923,21.057,21.811,21.839,20.923,20.856,20.834,20.706,20.616,20.56,20.549,20.583,20.616,20.566,20.611,20.655,20.599,20.56,20.611,20.633,20.56,20.543,20.521,20.538,20.583,20.521,20.633,20.689,20.549,20.583,20.778,20.968,21.029,21.118,21.062,20.895,20.789,20.7,20.627,20.566,20.521,20.493,20.482,20.538,20.627,20.683,20.622,20.566,20.622,20.605,20.616,20.594,20.549,20.594,20.527,20.51,20.633,20.588,20.504,20.487,20.538,20.549,20.532,20.504,20.504,20.482,20.465,20.482,20.521,20.605,20.543,20.499,20.594,20.521,20.448,20.431,20.448,20.465,20.532,20.549,20.504,20.571,20.583,20.521,20.487,20.482,20.521,20.527,20.476,20.437,20.437,20.465,20.471,20.454,20.459,20.476
20.213,20.218,20.252,20.263,20.275,20.224,20.241,20.347,20.308,20.331,20.303,20.185,20.196,20.269,20.286,20.235,20.252,20.207,20.252,20.398,20.291,20.246,20.291,20.308,20.331,20.353,20.342,20.319,20.308,20.325,20.353,20.359,20.319,20.303,20.342,20.387,20.37,20.42,20.476,20.471,20.426,20.375,20.437,20.549,20.426,20.403,20.471,20.471,20.448,20.448,20.454,20.443,20.437,20.465,20.471,20.448,20.398,20.499,20.56,20.465,20.482,20.56,20.549,20.454,20.459,20.487,20.555,20.633,20.611,20.583,20.594,20.622,20.566,20.622,20.661,20.577,20.538,20.566,20.655,20.717,20.605,20.549,20.583,20.588,20.493,20.527,20.577,20.515,20.521,20.633,20.683,20.611,20.694,20.65,20.588,20.638,20.515,20.549,20.588,20.482,20.515,20.532,20.566,20.644,20.627,20.588,20.611,20.666,20.571,20.577,20.661,20.678,20.666,20.616,20.583,20.611,20.616,20.672,20.756,21.035,22.357,23.08,23.548,24.231,22.954,21.944,21.877,21.844,21.645,21.568,21.739,21.899,21.59,21.91,22.28,22.032,21.982,22.247,22.889,23.396,23.205,22.927,22.708,22.505,22.483,22.17,21.789,21.712,21.717,21.623,22.126,23.009,22.938,21.933,21.85,23.134,23.933,23.896,22.675,21.473,21.174,21.151,21.335,21.534,21.174,22.048,23.374,23.461,21.85,21.739,22.828,22.889,22.153,23.657,25.124,24.123,22.527,22.021,22.697,23.025,23.613,23.14,22.439,22.593,22.258,21.662,21.75,22.395,21.861,23.271,23.793,21.783,21.201,21.001,21.501,22.236,22.346,22.109,21.662,21.435,22.065,22.065,21.49,21.324,21.396,21.446,21.362,21.251,21.007,21.085,21.213,21.107,21.318,21.379,21.335,21.44,21.645,21.806,21.512,21.012,20.828,20.773,20.795,20.834,20.962,21.235,21.168,20.773,20.599,20.549,20.583,20.599,20.594,20.555,20.555,20.616,20.555,20.583,20.65,20.644,20.616,20.666,20.644,20.521,20.538,20.538,20.538,20.583,20.583,20.65,20.644,20.571,20.666,20.839,20.984,21.068,21.118,21.007,20.806,20.706,20.616,20.638,20.627,20.521,20.527,20.51,20.549,20.65,20.599,20.566,20.599,20.627,20.627,20.555,20.527,20.594,20.622,20.527,20.471,20.543,20.493,20.549,20.583,20.499,20.521,20.515,20.521,20.56,20.527,20.493,20.515,20.566,20.51,20.504,20.566,20.588,20.482,20.443,20.443,20.409,20.454,20.555,20.566,20.493,20.605,20.594,20.454,20.409,20.448,20.588,20.566,20.375,20.364,20.426,20.437,20.403,20.476,20.437,20.353
20.246,20.19,20.145,20.174,20.202,20.202,20.207,20.246,20.207,20.336,20.381,20.224,20.218,20.241,20.291,20.331,20.207,20.168,20.263,20.342,20.353,20.303,20.269,20.28,20.218,20.28,20.364,20.325,20.291,20.319,20.359,20.342,20.331,20.23,20.179,20.263,20.291,20.437,20.487,20.381,20.387,20.342,20.308,20.353,20.359,20.42,20.448,20.392,20.392,20.409,20.459,20.51,20.448,20.431,20.431,20.403,20.392,20.476,20.527,20.482,20.499,20.571,20.515,20.375,20.515,20.543,20.493,20.566,20.616,20.599,20.555,20.566,20.527,20.538,20.588,20.616,20.594,20.521,20.471,20.482,20.527,20.51,20.51,20.583,20.515,20.543,20.56,20.482,20.51,20.599,20.644,20.622,20.571,20.588,20.627,20.599,20.454,20.493,20.605,20.56,20.448,20.616,20.733,20.555,20.56,20.616,20.611,20.543,20.527,20.594,20.633,20.594,20.605,20.622,20.599,20.571,20.633,20.599,20.588,20.784,21.285,21.85,22.565,23.352,24.193,22.976,21.806,22.5,21.723,21.396,22.159,22.801,21.888,21.623,22.015,21.999,22.048,22.664,22.582,21.612,21.645,22.461,22.735,22.131,22.318,22.357,22.395,22.67,22.79,22.302,22.494,23.63,23.977,23.613,23.254,23.314,22.576,21.418,21.462,22.489,22.307,21.999,22.329,22.992,23.216,23.02,22.943,23.184,22.724,22.291,22.878,23.933,24.328,23.429,22.313,22.39,23.243,23.765,23.749,23.755,23.401,22.692,21.944,21.479,21.107,21.018,21.822,22.949,23.793,22.67,20.934,20.756,20.745,21.496,22.164,22.032,21.407,21.196,21.507,21.662,21.656,21.257,21.335,22.01,22.065,21.49,20.968,21.023,21.135,21.213,21.207,21.224,21.374,21.368,21.185,21.09,21.207,21.085,20.789,20.678,20.761,20.733,20.633,20.638,20.627,20.566,20.56,20.627,20.521,20.515,20.566,20.532,20.527,20.543,20.56,20.549,20.532,20.538,20.555,20.577,20.644,20.678,20.594,20.493,20.538,20.644,20.627,20.51,20.532,20.532,20.543,20.627,20.767,20.929,20.996,20.979,20.929,20.812,20.678,20.594,20.527,20.538,20.56,20.532,20.543,20.515,20.532,20.611,20.543,20.487,20.515,20.571,20.571,20.566,20.549,20.538,20.543,20.599,20.599,20.521,20.476,20.521,20.594,20.599,20.527,20.515,20.527,20.476,20.437,20.409,20.426,20.465,20.443,20.465,20.493,20.476,20.487,20.499,20.454,20.409,20.504,20.527,20.471,20.476,20.532,20.549,20.493,20.443,20.471,20.448,20.403,20.42,20.426,20.409,20.398,20.426,20.443,20.381,20.314
20.14,20.185,20.297,20.286,20.179,20.1,20.134,20.185,20.162,20.23,20.297,20.258,20.185,20.162,20.218,20.263,20.19,20.241,20.325,20.308,20.342,20.319,20.258,20.241,20.202,20.275,20.387,20.403,20.297,20.375,20.476,20.403,20.28,20.235,20.28,20.314,20.392,20.353,20.314,20.398,20.392,20.387,20.364,20.347,20.443,20.471,20.443,20.465,20.454,20.381,20.42,20.571,20.471,20.359,20.403,20.527,20.521,20.588,20.611,20.527,20.437,20.515,20.577,20.482,20.56,20.555,20.515,20.566,20.577,20.599,20.599,20.571,20.571,20.543,20.521,20.543,20.583,20.571,20.487,20.437,20.482,20.493,20.482,20.521,20.538,20.476,20.426,20.471,20.51,20.616,20.661,20.588,20.521,20.583,20.633,20.56,20.538,20.51,20.532,20.594,20.527,20.638,20.689,20.543,20.583,20.672,20.644,20.538,20.555,20.627,20.633,20.577,20.583,20.616,20.633,20.622,20.605,20.644,20.678,20.689,20.683,21.512,23.184,24.377,24.333,22.472,21.346,22.23,22.34,21.861,21.855,22.538,22.126,21.534,21.944,22.85,22.357,22.285,22.45,22.225,22.357,23.124,23.537,23.2,23.26,23.597,23.765,23.635,23.782,23.722,23.624,23.7,23.51,23.14,22.976,23.124,23.44,22.954,22.653,23.205,23.145,21.988,22.098,23.912,24.506,23.369,22.34,23.069,24.436,24.667,23.798,23.423,23.483,22.181,21.59,22.823,22.938,22.549,22.686,23.374,23.216,21.96,21.073,21.396,21.429,21.606,22.318,23.069,22.823,21.595,20.778,21.162,22.004,22.318,21.739,21.229,21.19,21.374,21.39,21.201,21.263,21.418,21.545,21.617,21.772,21.385,20.923,20.979,21.051,21.029,20.979,21.035,21.118,21.246,21.157,20.918,20.912,20.962,20.823,20.583,20.65,20.678,20.583,20.515,20.476,20.482,20.571,20.661,20.611,20.527,20.504,20.532,20.499,20.543,20.566,20.515,20.538,20.583,20.583,20.56,20.594,20.638,20.599,20.538,20.616,20.7,20.633,20.504,20.465,20.538,20.683,20.789,20.834,20.968,21.012,20.895,20.806,20.689,20.616,20.616,20.51,20.482,20.549,20.583,20.527,20.521,20.577,20.588,20.515,20.487,20.51,20.515,20.56,20.577,20.543,20.521,20.476,20.527,20.594,20.583,20.487,20.471,20.538,20.577,20.499,20.493,20.527,20.499,20.409,20.527,20.588,20.443,20.566,20.571,20.459,20.459,20.661,20.571,20.392,20.471,20.521,20.459,20.42,20.504,20.448,20.482,20.493,20.392,20.398,20.381,20.42,20.51,20.409,20.403,20.415,20.336,20.353,20.431,20.482
20.095,20.157,20.258,20.246,20.185,20.129,20.168,20.258,20.246,20.235,20.275,20.319,20.286,20.218,20.23,20.303,20.336,20.387,20.375,20.308,20.286,20.275,20.269,20.297,20.375,20.375,20.336,20.364,20.331,20.375,20.392,20.319,20.286,20.28,20.308,20.353,20.364,20.336,20.342,20.392,20.359,20.359,20.342,20.303,20.42,20.476,20.443,20.443,20.471,20.387,20.37,20.504,20.487,20.431,20.431,20.487,20.482,20.571,20.622,20.56,20.566,20.504,20.476,20.555,20.56,20.521,20.543,20.622,20.538,20.627,20.655,20.482,20.594,20.588,20.504,20.527,20.51,20.555,20.571,20.515,20.543,20.493,20.454,20.51,20.476,20.471,20.482,20.499,20.588,20.638,20.594,20.56,20.594,20.655,20.644,20.571,20.555,20.588,20.605,20.571,20.577,20.599,20.599,20.577,20.571,20.605,20.605,20.577,20.627,20.605,20.583,20.644,20.633,20.661,20.678,20.65,20.611,20.644,20.683,20.666,20.454,21.29,22.598,23.107,23.298,23.063,22.39,21.844,22.059,21.706,21.429,21.883,22.065,21.689,21.944,23.031,23.194,22.91,22.801,23.031,22.73,22.708,22.976,23.091,23.14,23.145,23.036,22.9,22.949,23.042,22.938,22.708,22.565,22.362,22.197,22.302,23.298,23.668,23.003,22.554,23.222,23.347,23.2,23.586,23.933,22.998,22.478,23.624,25.268,24.522,22.39,21.883,22.137,22.109,21.783,21.833,22.505,22.889,22.587,22.269,22.522,21.982,21.24,21.368,22.192,22.28,21.916,21.999,21.595,21.062,21.09,21.579,22.032,21.822,21.096,20.75,20.879,21.151,21.523,21.883,21.933,21.734,21.324,21.029,21.085,21.129,21.051,20.973,20.945,20.906,20.884,20.89,20.806,20.945,21.068,20.957,20.89,20.812,20.711,20.627,20.627,20.678,20.594,20.42,20.454,20.532,20.588,20.627,20.577,20.571,20.571,20.543,20.543,20.543,20.538,20.538,20.515,20.555,20.594,20.571,20.538,20.571,20.611,20.594,20.588,20.555,20.527,20.543,20.543,20.555,20.711,20.929,20.906,21.012,20.984,20.728,20.706,20.583,20.521,20.622,20.566,20.521,20.549,20.588,20.555,20.611,20.627,20.543,20.622,20.599,20.515,20.515,20.538,20.583,20.611,20.605,20.487,20.482,20.527,20.499,20.527,20.571,20.527,20.437,20.437,20.454,20.482,20.532,20.56,20.571,20.521,20.471,20.504,20.51,20.465,20.459,20.655,20.555,20.381,20.487,20.566,20.515,20.454,20.515,20.443,20.487,20.459,20.291,20.353,20.465,20.499,20.471,20.448,20.454,20.415,20.342,20.319,20.415,20.499
20.196,20.174,20.145,20.174,20.252,20.23,20.235,20.37,20.353,20.314,20.325,20.364,20.336,20.297,20.331,20.409,20.364,20.359,20.364,20.336,20.291,20.28,20.291,20.314,20.431,20.392,20.297,20.342,20.359,20.319,20.269,20.286,20.331,20.319,20.308,20.347,20.269,20.375,20.465,20.364,20.359,20.392,20.392,20.364,20.398,20.431,20.426,20.415,20.448,20.392,20.359,20.443,20.504,20.56,20.504,20.398,20.437,20.499,20.543,20.577,20.661,20.56,20.476,20.583,20.543,20.499,20.527,20.599,20.555,20.638,20.644,20.482,20.577,20.577,20.521,20.555,20.504,20.527,20.577,20.571,20.566,20.51,20.51,20.577,20.499,20.51,20.571,20.577,20.633,20.599,20.56,20.622,20.644,20.666,20.644,20.588,20.515,20.599,20.644,20.532,20.571,20.566,20.571,20.638,20.599,20.571,20.577,20.588,20.644,20.611,20.594,20.683,20.683,20.655,20.616,20.594,20.605,20.622,20.627,20.633,20.583,20.957,21.218,21.162,22.065,23.254,23.009,21.739,21.562,21.385,21.468,21.971,22.746,22.598,22.076,22.318,22.971,22.932,22.543,22.598,22.219,21.844,21.8,21.922,22.01,21.85,21.656,21.678,21.557,21.684,21.905,21.988,22.34,22.697,22.252,21.485,21.96,23.025,22.834,21.678,22.329,23.505,23.467,22.56,23.145,23.211,22.872,23.014,23.336,22.351,21.274,21.595,22.357,22.883,22.302,21.557,22.56,23.162,22.412,21.573,21.944,22.076,21.568,21.251,22.142,22.048,21.151,20.962,21.279,21.251,21.118,21.29,20.99,20.828,20.94,21.023,20.99,21.051,21.734,22.56,22.368,21.606,20.945,20.778,20.767,20.957,21.062,20.968,20.912,20.906,20.906,20.867,20.717,20.767,20.968,21.035,20.945,20.694,20.577,20.678,20.678,20.711,20.627,20.459,20.493,20.532,20.527,20.515,20.493,20.577,20.633,20.571,20.583,20.571,20.555,20.571,20.549,20.555,20.577,20.594,20.566,20.543,20.571,20.605,20.493,20.409,20.465,20.566,20.594,20.599,20.717,20.895,20.851,20.873,20.817,20.638,20.65,20.577,20.499,20.543,20.555,20.538,20.532,20.56,20.588,20.605,20.571,20.543,20.666,20.627,20.538,20.588,20.566,20.571,20.616,20.633,20.532,20.538,20.527,20.426,20.532,20.633,20.538,20.387,20.454,20.515,20.499,20.493,20.627,20.51,20.387,20.51,20.426,20.454,20.504,20.443,20.443,20.499,20.499,20.443,20.504,20.521,20.493,20.51,20.493,20.521,20.443,20.291,20.387,20.499,20.487,20.443,20.42,20.459,20.459,20.392,20.359,20.359,20.375
20.303,20.241,20.202,20.23,20.325,20.258,20.218,20.37,20.336,20.314,20.342,20.347,20.241,20.269,20.392,20.403,20.202,20.207,20.347,20.347,20.359,20.375,20.325,20.258,20.28,20.297,20.347,20.437,20.359,20.303,20.359,20.437,20.347,20.342,20.387,20.353,20.297,20.37,20.426,20.359,20.409,20.521,20.571,20.532,20.476,20.398,20.409,20.493,20.459,20.387,20.403,20.499,20.532,20.571,20.549,20.487,20.555,20.543,20.527,20.605,20.543,20.605,20.678,20.622,20.555,20.51,20.499,20.499,20.588,20.616,20.605,20.622,20.577,20.549,20.549,20.549,20.577,20.555,20.521,20.543,20.487,20.532,20.611,20.622,20.638,20.527,20.504,20.655,20.577,20.532,20.627,20.717,20.594,20.588,20.638,20.571,20.521,20.515,20.532,20.532,20.566,20.583,20.611,20.678,20.689,20.683,20.627,20.566,20.616,20.694,20.7,20.655,20.666,20.583,20.515,20.56,20.566,20.627,20.65,20.599,20.689,20.644,20.828,21.324,21.667,21.955,21.971,21.855,21.938,21.695,21.806,22.604,23.858,23.527,22.153,21.745,21.684,21.667,21.606,21.612,21.839,21.927,21.739,21.573,21.584,21.872,22.004,21.811,21.612,22.015,22.401,22.274,22.637,23.499,23.031,21.429,21.279,22.768,23.331,22.01,21.606,21.629,21.85,22.131,23.565,23.993,22.554,21.146,20.856,21.91,22.878,22.785,23.298,22.828,22.538,23.216,22.774,21.551,21.051,21.617,21.833,21.435,21.018,21.19,21.39,21.335,21.085,21.029,21.313,21.263,20.962,20.89,20.812,20.94,21.213,21.407,21.529,21.551,21.712,21.96,21.612,21.224,20.968,20.817,20.945,20.996,20.945,20.962,20.906,20.873,20.862,20.839,20.789,20.845,20.945,20.951,20.806,20.728,20.706,20.666,20.717,20.739,20.661,20.566,20.476,20.504,20.532,20.476,20.538,20.56,20.56,20.611,20.566,20.599,20.611,20.555,20.622,20.638,20.599,20.599,20.633,20.571,20.538,20.594,20.51,20.482,20.538,20.566,20.51,20.672,20.839,20.784,20.706,20.616,20.622,20.683,20.638,20.622,20.566,20.476,20.471,20.476,20.504,20.555,20.577,20.493,20.471,20.594,20.571,20.543,20.583,20.661,20.644,20.577,20.538,20.549,20.549,20.605,20.605,20.532,20.515,20.538,20.527,20.487,20.538,20.633,20.583,20.437,20.499,20.515,20.482,20.504,20.532,20.577,20.538,20.437,20.319,20.499,20.622,20.448,20.375,20.398,20.471,20.51,20.51,20.515,20.471,20.409,20.426,20.359,20.398,20.549,20.314,20.409,20.543,20.359,20.37,20.392,20.381
20.218,20.263,20.252,20.117,20.224,20.241,20.196,20.246,20.196,20.303,20.347,20.218,20.252,20.347,20.364,20.308,20.314,20.342,20.353,20.336,20.28,20.347,20.42,20.387,20.37,20.381,20.381,20.347,20.303,20.297,20.375,20.459,20.381,20.319,20.342,20.387,20.392,20.415,20.364,20.286,20.381,20.493,20.487,20.431,20.392,20.387,20.437,20.499,20.448,20.487,20.493,20.415,20.571,20.549,20.493,20.605,20.499,20.532,20.622,20.571,20.476,20.571,20.65,20.543,20.555,20.543,20.487,20.476,20.611,20.638,20.555,20.538,20.465,20.594,20.655,20.493,20.532,20.532,20.538,20.605,20.588,20.594,20.616,20.627,20.605,20.577,20.577,20.599,20.566,20.594,20.644,20.644,20.605,20.622,20.65,20.622,20.504,20.538,20.588,20.51,20.566,20.611,20.599,20.594,20.655,20.627,20.571,20.605,20.65,20.7,20.694,20.661,20.661,20.566,20.538,20.638,20.616,20.627,20.661,20.666,20.672,20.611,20.851,21.329,21.368,21.584,22.098,22.516,22.697,22.208,21.772,22.059,22.785,22.576,21.534,21.079,21.518,22.159,22.087,21.59,21.75,21.822,21.894,22.148,22.252,22.131,21.734,21.396,21.368,21.606,21.606,21.368,21.678,22.631,22.96,22.291,21.584,22.087,22.746,22.269,21.551,21.512,21.601,21.201,21.629,21.999,21.412,20.611,21.112,23.445,24.301,22.648,21.678,22.296,23.2,22.708,21.706,20.99,21.007,21.124,21.079,20.918,20.895,21.085,21.263,21.118,20.867,20.873,20.884,20.912,21.007,21.112,20.923,21.018,21.412,21.667,21.734,21.617,21.368,21.179,21.051,21.068,21.035,20.884,20.94,21.062,21.062,20.94,20.817,20.795,20.845,20.845,20.845,20.817,20.795,20.806,20.75,20.767,20.778,20.733,20.828,20.817,20.644,20.504,20.459,20.499,20.555,20.566,20.515,20.504,20.532,20.543,20.555,20.566,20.538,20.504,20.543,20.622,20.638,20.599,20.532,20.616,20.678,20.599,20.661,20.605,20.527,20.583,20.616,20.728,20.784,20.706,20.605,20.56,20.583,20.605,20.622,20.616,20.566,20.515,20.527,20.56,20.549,20.515,20.583,20.555,20.515,20.571,20.555,20.538,20.594,20.666,20.644,20.616,20.599,20.599,20.616,20.594,20.549,20.527,20.515,20.499,20.499,20.527,20.499,20.543,20.549,20.465,20.527,20.588,20.527,20.431,20.415,20.499,20.543,20.504,20.493,20.493,20.527,20.566,20.42,20.387,20.465,20.482,20.499,20.482,20.443,20.42,20.375,20.297,20.347,20.504,20.403,20.454,20.499,20.375,20.331,20.454,20.577
20.179,20.224,20.241,20.196,20.202,20.202,20.196,20.196,20.14,20.291,20.359,20.207,20.258,20.392,20.347,20.185,20.291,20.359,20.314,20.286,20.286,20.319,20.331,20.314,20.336,20.392,20.37,20.291,20.258,20.291,20.353,20.364,20.314,20.291,20.297,20.319,20.437,20.448,20.336,20.297,20.392,20.465,20.426,20.37,20.353,20.415,20.437,20.381,20.392,20.459,20.443,20.359,20.471,20.543,20.538,20.543,20.471,20.549,20.627,20.549,20.471,20.549,20.605,20.504,20.543,20.527,20.51,20.566,20.504,20.583,20.616,20.482,20.476,20.594,20.627,20.51,20.538,20.504,20.493,20.571,20.56,20.566,20.577,20.566,20.538,20.594,20.622,20.566,20.543,20.577,20.627,20.644,20.655,20.678,20.627,20.532,20.543,20.549,20.549,20.555,20.515,20.527,20.588,20.627,20.733,20.638,20.521,20.605,20.689,20.7,20.655,20.65,20.622,20.622,20.655,20.683,20.65,20.633,20.638,20.638,20.583,20.599,20.778,20.973,20.929,21.151,21.673,22.043,22.037,21.723,21.362,21.235,21.263,21.451,21.307,20.94,21.268,21.706,21.656,21.351,21.584,21.651,21.817,22.258,22.478,21.883,21.351,21.634,21.817,21.767,21.518,21.362,21.029,21.379,22.131,22.335,21.695,21.412,21.794,22.026,21.667,21.667,21.734,21.357,20.879,20.739,21.157,21.651,22.098,22.992,22.867,21.629,20.834,21.623,22.357,21.595,21.001,20.839,20.94,20.806,20.644,20.806,21.235,21.462,21.235,20.918,20.8,20.839,20.839,20.979,21.107,21.107,21.196,21.351,21.418,21.374,21.346,21.207,20.906,20.678,20.784,21.062,21.079,20.851,20.845,20.94,21.001,20.973,20.906,20.839,20.812,20.817,20.851,20.733,20.689,20.806,20.689,20.7,20.756,20.706,20.806,20.756,20.583,20.499,20.487,20.543,20.566,20.521,20.51,20.527,20.504,20.465,20.599,20.571,20.471,20.51,20.51,20.555,20.577,20.555,20.627,20.717,20.694,20.611,20.655,20.616,20.543,20.56,20.672,20.694,20.599,20.549,20.616,20.588,20.527,20.543,20.532,20.555,20.56,20.527,20.577,20.644,20.599,20.51,20.527,20.616,20.65,20.605,20.56,20.571,20.611,20.611,20.549,20.583,20.627,20.588,20.611,20.577,20.543,20.56,20.459,20.471,20.571,20.605,20.521,20.499,20.543,20.549,20.549,20.538,20.487,20.431,20.459,20.465,20.504,20.583,20.499,20.487,20.482,20.409,20.364,20.409,20.471,20.471,20.476,20.409,20.381,20.431,20.325,20.319,20.392,20.409,20.465,20.454,20.359,20.291,20.37,20.476,20.515
20.213,20.174,20.202,20.319,20.252,20.196,20.207,20.224,20.23,20.303,20.331,20.263,20.23,20.319,20.331,20.207,20.207,20.252,20.28,20.275,20.269,20.319,20.297,20.196,20.263,20.353,20.325,20.252,20.269,20.308,20.308,20.291,20.269,20.303,20.308,20.258,20.359,20.403,20.347,20.319,20.319,20.403,20.448,20.398,20.359,20.387,20.392,20.325,20.364,20.375,20.359,20.381,20.426,20.543,20.555,20.459,20.504,20.532,20.549,20.605,20.549,20.549,20.566,20.543,20.555,20.515,20.493,20.532,20.392,20.487,20.627,20.555,20.566,20.594,20.588,20.566,20.577,20.527,20.482,20.515,20.493,20.543,20.566,20.51,20.521,20.571,20.605,20.594,20.549,20.571,20.638,20.655,20.644,20.65,20.583,20.471,20.577,20.583,20.538,20.577,20.538,20.532,20.588,20.644,20.717,20.689,20.599,20.583,20.672,20.683,20.627,20.638,20.594,20.661,20.711,20.65,20.638,20.638,20.611,20.571,20.566,20.611,20.627,20.638,20.918,21.124,21.179,21.213,20.962,21.107,21.29,21.068,20.845,21.096,21.435,21.34,21.168,21.101,21.207,21.313,21.351,21.507,21.629,21.606,21.678,21.324,21.418,22.175,22.258,21.894,21.706,21.899,21.606,21.235,21.251,21.507,21.396,21.196,21.34,21.728,21.783,21.629,21.634,21.794,21.274,20.951,21.767,22.801,22.214,21.174,20.711,20.895,21.301,21.357,21.057,20.934,20.968,20.884,20.834,20.929,20.789,20.934,21.307,21.44,21.107,20.823,20.817,20.89,21.068,21.218,21.112,20.94,21.19,21.362,21.179,20.912,20.839,20.806,20.773,20.767,20.823,20.962,20.979,20.862,20.817,20.806,20.851,20.912,20.962,20.867,20.75,20.767,20.812,20.761,20.75,20.834,20.672,20.605,20.655,20.666,20.666,20.622,20.577,20.571,20.51,20.532,20.543,20.476,20.527,20.56,20.538,20.543,20.627,20.594,20.515,20.543,20.599,20.571,20.555,20.655,20.761,20.728,20.616,20.605,20.543,20.56,20.622,20.655,20.756,20.661,20.493,20.504,20.611,20.616,20.543,20.527,20.465,20.515,20.549,20.493,20.56,20.611,20.571,20.521,20.499,20.577,20.633,20.599,20.577,20.616,20.622,20.549,20.521,20.594,20.622,20.549,20.588,20.571,20.538,20.56,20.471,20.51,20.611,20.605,20.555,20.51,20.521,20.555,20.515,20.448,20.437,20.482,20.543,20.499,20.459,20.515,20.364,20.465,20.476,20.213,20.319,20.437,20.454,20.459,20.42,20.37,20.381,20.437,20.359,20.426,20.459,20.336,20.342,20.387,20.336,20.246,20.403,20.431,20.347
20.224,20.19,20.213,20.286,20.263,20.213,20.19,20.218,20.297,20.319,20.263,20.224,20.202,20.23,20.291,20.331,20.252,20.23,20.291,20.325,20.19,20.319,20.437,20.286,20.303,20.375,20.325,20.202,20.319,20.336,20.286,20.331,20.325,20.331,20.319,20.297,20.258,20.336,20.381,20.291,20.207,20.319,20.448,20.403,20.347,20.331,20.37,20.403,20.392,20.398,20.42,20.443,20.605,20.588,20.493,20.543,20.538,20.471,20.527,20.689,20.633,20.538,20.527,20.571,20.583,20.543,20.443,20.375,20.426,20.476,20.543,20.633,20.577,20.644,20.672,20.56,20.583,20.583,20.56,20.571,20.538,20.583,20.599,20.527,20.532,20.571,20.599,20.605,20.594,20.666,20.678,20.588,20.583,20.583,20.571,20.577,20.555,20.633,20.638,20.538,20.627,20.666,20.599,20.543,20.538,20.678,20.717,20.588,20.638,20.661,20.644,20.65,20.605,20.633,20.666,20.633,20.633,20.638,20.605,20.583,20.65,20.672,20.633,20.717,21.301,21.518,21.362,21.357,21.14,21.468,21.734,21.401,21.201,21.14,21.362,21.601,21.429,21.512,21.761,21.756,21.279,21.479,21.634,21.09,20.934,21.224,21.8,22.12,21.922,21.396,21.307,21.767,22.324,21.833,21.023,21.09,21.224,21.213,21.407,21.844,21.85,21.473,21.235,21.368,21.118,21.107,21.855,22.565,21.59,20.89,20.951,21.04,21.435,21.385,20.996,20.895,20.906,20.884,20.951,21.101,20.94,20.873,20.862,20.784,20.973,20.901,20.756,20.884,21.035,21.096,21.029,20.979,20.923,20.968,20.973,20.867,20.806,20.845,20.929,20.923,20.834,20.745,20.828,20.984,20.884,20.856,20.845,20.756,20.823,20.789,20.717,20.756,20.817,20.906,20.862,20.728,20.711,20.633,20.627,20.728,20.616,20.583,20.638,20.622,20.515,20.459,20.504,20.56,20.521,20.532,20.627,20.7,20.577,20.577,20.605,20.543,20.7,20.666,20.661,20.862,20.717,20.633,20.633,20.588,20.543,20.577,20.711,20.828,20.879,20.689,20.532,20.599,20.515,20.599,20.65,20.515,20.482,20.521,20.538,20.493,20.538,20.538,20.499,20.51,20.543,20.527,20.499,20.532,20.588,20.65,20.605,20.532,20.594,20.666,20.644,20.599,20.622,20.571,20.493,20.493,20.566,20.583,20.532,20.515,20.527,20.493,20.454,20.476,20.482,20.465,20.454,20.476,20.482,20.493,20.448,20.381,20.364,20.437,20.42,20.297,20.398,20.443,20.426,20.443,20.359,20.387,20.443,20.409,20.443,20.487,20.437,20.319,20.196,20.336,20.465,20.342,20.381,20.403,20.392
20.246,20.196,20.19,20.308,20.252,20.157,20.123,20.168,20.23,20.246,20.218,20.202,20.202,20.23,20.286,20.336,20.303,20.246,20.252,20.325,20.325,20.286,20.263,20.275,20.235,20.37,20.431,20.297,20.364,20.364,20.286,20.263,20.213,20.235,20.252,20.207,20.218,20.353,20.426,20.364,20.42,20.359,20.314,20.409,20.37,20.415,20.409,20.297,20.286,20.291,20.426,20.666,20.929,20.856,20.527,20.403,20.471,20.515,20.549,20.622,20.599,20.521,20.482,20.504,20.443,20.476,20.515,20.465,20.476,20.487,20.487,20.493,20.482,20.527,20.543,20.504,20.543,20.56,20.577,20.605,20.482,20.482,20.555,20.555,20.515,20.538,20.577,20.566,20.538,20.538,20.583,20.627,20.661,20.583,20.549,20.633,20.532,20.515,20.555,20.527,20.538,20.571,20.577,20.56,20.521,20.599,20.65,20.577,20.599,20.611,20.616,20.638,20.627,20.583,20.577,20.627,20.638,20.616,20.571,20.543,20.588,20.583,20.588,20.711,21.001,21.324,21.429,21.424,21.695,22.021,21.833,21.301,21.012,21.124,21.545,21.772,21.584,21.318,21.507,21.91,21.656,21.695,21.379,20.627,21.051,21.8,21.883,21.407,21.162,21.04,21.313,21.723,21.783,21.485,21.101,20.984,21.068,20.923,21.079,21.656,21.806,21.268,20.862,21.263,22.214,21.938,21.179,21.424,21.739,21.479,20.968,20.94,21.196,21.073,20.806,20.895,21.057,21.057,21.035,21.129,20.912,20.812,20.856,20.884,21.151,20.984,20.733,20.884,20.856,20.879,20.918,20.901,20.89,20.839,20.778,20.778,20.773,20.89,20.934,20.828,20.778,20.756,20.817,20.895,20.806,20.795,20.767,20.661,20.672,20.733,20.756,20.75,20.934,20.99,20.8,20.633,20.65,20.694,20.739,20.778,20.65,20.566,20.583,20.599,20.588,20.532,20.476,20.459,20.459,20.521,20.65,20.745,20.594,20.521,20.577,20.594,20.566,20.566,20.717,20.89,20.711,20.577,20.549,20.487,20.392,20.583,20.761,20.666,20.683,20.588,20.51,20.549,20.482,20.499,20.538,20.499,20.426,20.437,20.487,20.487,20.543,20.538,20.482,20.476,20.543,20.532,20.549,20.655,20.605,20.588,20.543,20.454,20.515,20.504,20.56,20.717,20.566,20.482,20.476,20.437,20.459,20.51,20.499,20.437,20.426,20.454,20.454,20.415,20.454,20.448,20.387,20.359,20.454,20.426,20.359,20.409,20.37,20.409,20.426,20.342,20.319,20.437,20.521,20.465,20.448,20.331,20.241,20.291,20.364,20.381,20.364,20.387,20.235,20.269,20.392,20.381,20.409,20.364,20.303
20.224,20.235,20.241,20.213,20.218,20.235,20.23,20.213,20.168,20.218,20.303,20.319,20.252,20.28,20.325,20.286,20.297,20.325,20.291,20.235,20.353,20.342,20.275,20.314,20.275,20.387,20.437,20.308,20.303,20.331,20.347,20.336,20.207,20.291,20.381,20.275,20.297,20.347,20.353,20.319,20.319,20.392,20.426,20.381,20.403,20.493,20.51,20.448,20.515,20.549,20.594,20.728,20.94,21.379,21.229,20.538,20.448,20.515,20.594,20.633,20.527,20.538,20.566,20.476,20.471,20.527,20.56,20.549,20.549,20.549,20.527,20.504,20.538,20.571,20.555,20.527,20.571,20.571,20.549,20.56,20.499,20.476,20.515,20.555,20.532,20.644,20.678,20.56,20.611,20.588,20.566,20.638,20.611,20.532,20.549,20.638,20.583,20.515,20.515,20.549,20.51,20.521,20.577,20.611,20.605,20.622,20.605,20.543,20.611,20.633,20.588,20.571,20.599,20.666,20.672,20.616,20.583,20.594,20.605,20.577,20.588,20.599,20.638,20.694,20.633,21.168,21.54,21.301,21.739,21.739,21.324,21.146,20.984,21.101,21.39,21.518,21.462,21.157,21.112,21.435,21.462,21.424,21.213,21.018,21.412,21.601,21.213,20.784,20.706,21.429,21.861,21.379,21.012,21.029,21.09,20.873,20.923,20.901,20.934,21.112,21.185,20.979,20.973,21.418,22.137,21.7,20.745,20.728,21.44,21.379,20.94,21.112,21.073,20.817,20.834,21.229,21.468,21.268,20.918,20.879,20.812,20.812,20.879,20.962,21.151,20.973,20.722,20.789,20.784,20.733,20.75,20.867,20.957,20.839,20.773,20.929,21.007,20.957,20.879,20.89,20.867,20.795,20.761,20.812,20.739,20.756,20.834,20.862,20.879,20.778,20.739,20.851,20.884,20.812,20.672,20.611,20.638,20.728,20.756,20.694,20.627,20.538,20.515,20.566,20.599,20.549,20.465,20.471,20.51,20.549,20.611,20.672,20.549,20.527,20.611,20.633,20.515,20.555,20.694,20.722,20.627,20.566,20.56,20.555,20.594,20.7,20.683,20.538,20.51,20.605,20.605,20.465,20.431,20.493,20.555,20.538,20.454,20.459,20.482,20.443,20.527,20.538,20.482,20.476,20.51,20.583,20.627,20.622,20.588,20.605,20.599,20.549,20.532,20.532,20.555,20.588,20.538,20.476,20.465,20.499,20.515,20.487,20.448,20.459,20.426,20.448,20.448,20.398,20.437,20.521,20.426,20.241,20.364,20.471,20.465,20.448,20.319,20.375,20.465,20.398,20.398,20.454,20.465,20.42,20.448,20.364,20.275,20.308,20.347,20.336,20.331,20.387,20.387,20.331,20.314,20.375,20.409,20.364,20.303
20.213,20.235,20.275,20.213,20.23,20.291,20.303,20.246,20.185,20.252,20.353,20.347,20.286,20.291,20.297,20.241,20.269,20.325,20.314,20.258,20.314,20.364,20.364,20.353,20.353,20.353,20.325,20.291,20.258,20.308,20.392,20.409,20.263,20.331,20.426,20.331,20.336,20.308,20.28,20.286,20.179,20.387,20.555,20.42,20.471,20.538,20.599,20.672,20.745,20.784,20.773,20.784,20.8,21.374,21.479,20.773,20.521,20.515,20.611,20.611,20.543,20.555,20.56,20.51,20.616,20.611,20.543,20.566,20.566,20.571,20.577,20.583,20.583,20.638,20.633,20.549,20.588,20.583,20.521,20.504,20.577,20.571,20.538,20.577,20.555,20.678,20.717,20.577,20.655,20.683,20.633,20.616,20.555,20.549,20.594,20.616,20.622,20.588,20.56,20.577,20.532,20.549,20.605,20.627,20.644,20.627,20.588,20.577,20.605,20.655,20.633,20.571,20.583,20.683,20.689,20.577,20.538,20.588,20.65,20.655,20.638,20.689,20.706,20.65,20.56,21.001,21.623,21.794,21.617,21.151,20.895,20.984,20.934,20.968,21.09,21.19,21.351,21.146,20.884,20.979,21.112,21.09,21.179,21.451,21.251,20.984,21.001,21.179,21.079,21.634,21.75,20.951,20.778,20.895,20.945,20.8,20.828,20.996,20.962,20.733,20.834,21.09,21.268,21.274,21.129,20.906,20.806,20.923,21.374,21.966,21.938,21.429,21.168,21.057,21.124,21.24,21.523,21.285,20.806,20.728,20.784,20.828,20.823,20.834,20.895,20.856,20.75,20.728,20.823,20.761,20.706,20.834,20.906,20.867,20.873,21.001,21.057,20.901,20.784,20.89,20.879,20.773,20.706,20.756,20.717,20.851,20.99,20.973,21.035,20.823,20.694,20.856,20.733,20.605,20.588,20.627,20.65,20.7,20.678,20.599,20.588,20.555,20.527,20.527,20.566,20.549,20.504,20.51,20.538,20.549,20.543,20.549,20.504,20.594,20.678,20.627,20.611,20.633,20.616,20.549,20.543,20.633,20.739,20.784,20.856,20.75,20.566,20.521,20.515,20.627,20.622,20.454,20.42,20.532,20.622,20.577,20.499,20.532,20.543,20.448,20.51,20.515,20.493,20.527,20.571,20.599,20.555,20.499,20.56,20.644,20.678,20.666,20.616,20.627,20.583,20.465,20.588,20.577,20.521,20.605,20.599,20.499,20.454,20.521,20.499,20.487,20.487,20.482,20.431,20.487,20.459,20.297,20.37,20.499,20.521,20.448,20.308,20.37,20.471,20.42,20.487,20.471,20.398,20.387,20.398,20.437,20.42,20.375,20.364,20.375,20.364,20.347,20.387,20.37,20.347,20.392,20.392,20.387,20.381
20.258,20.196,20.23,20.381,20.263,20.185,20.196,20.202,20.224,20.28,20.269,20.207,20.252,20.246,20.213,20.252,20.297,20.235,20.252,20.403,20.353,20.28,20.286,20.331,20.336,20.291,20.291,20.359,20.336,20.353,20.37,20.347,20.263,20.235,20.258,20.252,20.286,20.308,20.347,20.403,20.381,20.398,20.476,20.549,20.555,20.588,20.65,20.678,20.638,20.638,20.8,20.979,20.873,20.839,20.856,20.778,20.594,20.566,20.583,20.51,20.644,20.543,20.42,20.543,20.65,20.611,20.527,20.566,20.538,20.543,20.555,20.538,20.482,20.56,20.599,20.504,20.543,20.571,20.532,20.51,20.605,20.611,20.588,20.638,20.543,20.555,20.611,20.577,20.571,20.633,20.666,20.627,20.633,20.655,20.65,20.616,20.583,20.577,20.588,20.594,20.532,20.549,20.605,20.611,20.599,20.549,20.566,20.655,20.566,20.627,20.711,20.65,20.627,20.555,20.504,20.538,20.583,20.605,20.633,20.672,20.655,20.7,20.689,20.616,20.65,20.722,21.579,22.653,21.883,21.201,21.035,20.845,20.694,20.812,21.051,21.168,21.446,21.168,20.862,21.101,21.246,21.218,21.129,21.118,20.739,20.973,21.673,21.927,21.557,21.062,20.817,20.795,20.912,20.962,20.884,20.828,20.778,20.901,20.918,20.789,21.151,21.451,21.207,20.8,20.856,20.979,21.062,21.274,21.999,23.45,23.282,21.518,21.218,21.451,21.329,20.812,21.179,21.185,20.895,20.901,20.834,20.806,20.778,20.728,20.722,20.784,20.806,20.778,20.795,20.828,20.806,20.761,20.739,20.834,20.895,20.812,20.767,20.761,20.733,20.678,20.7,20.739,20.728,20.711,20.694,20.945,21.023,20.761,20.806,20.773,20.683,20.7,20.689,20.638,20.594,20.611,20.65,20.678,20.655,20.633,20.611,20.616,20.577,20.504,20.577,20.627,20.549,20.448,20.443,20.504,20.538,20.521,20.538,20.633,20.672,20.611,20.678,20.666,20.571,20.549,20.549,20.728,20.912,20.918,20.778,20.655,20.577,20.515,20.56,20.543,20.499,20.51,20.482,20.521,20.583,20.583,20.476,20.527,20.594,20.521,20.527,20.51,20.51,20.571,20.678,20.56,20.431,20.532,20.571,20.616,20.633,20.622,20.611,20.566,20.555,20.594,20.622,20.622,20.611,20.605,20.515,20.482,20.504,20.515,20.504,20.521,20.566,20.571,20.437,20.353,20.387,20.443,20.482,20.426,20.387,20.437,20.403,20.415,20.437,20.415,20.415,20.454,20.476,20.454,20.459,20.443,20.387,20.347,20.314,20.375,20.42,20.364,20.263,20.297,20.42,20.448,20.403,20.392,20.409
20.28,20.263,20.303,20.42,20.162,20.123,20.275,20.275,20.252,20.263,20.263,20.224,20.134,20.235,20.342,20.263,20.252,20.252,20.269,20.297,20.269,20.224,20.269,20.364,20.303,20.359,20.415,20.353,20.364,20.359,20.353,20.364,20.263,20.308,20.37,20.314,20.403,20.387,20.364,20.448,20.42,20.465,20.583,20.655,20.588,20.599,20.666,20.672,20.633,20.7,20.834,20.89,20.806,20.795,20.823,20.784,20.717,20.538,20.471,20.594,20.666,20.599,20.51,20.538,20.532,20.577,20.555,20.465,20.504,20.571,20.588,20.566,20.51,20.538,20.56,20.515,20.543,20.583,20.56,20.51,20.515,20.515,20.566,20.65,20.504,20.555,20.655,20.577,20.566,20.611,20.65,20.638,20.627,20.633,20.599,20.543,20.543,20.527,20.549,20.611,20.56,20.543,20.56,20.56,20.577,20.616,20.65,20.65,20.588,20.644,20.683,20.605,20.638,20.7,20.655,20.566,20.638,20.594,20.555,20.644,20.605,20.627,20.638,20.594,20.666,20.678,21.14,21.828,21.407,20.996,20.89,20.817,20.745,20.795,20.834,20.8,21.04,21.229,21.124,20.962,21.073,21.14,20.962,20.739,20.638,20.957,21.473,21.667,21.318,20.851,20.711,20.812,20.828,20.962,20.945,20.745,20.823,20.912,20.834,20.733,20.923,21.09,21.012,20.851,20.611,21.557,22.642,22.604,22.313,22.197,21.861,21.213,21.151,21.224,21.09,20.895,21.307,21.263,20.918,20.906,20.784,20.867,20.906,20.739,20.728,20.767,20.784,20.75,20.683,20.745,20.823,20.789,20.739,20.795,20.845,20.795,20.728,20.689,20.683,20.683,20.672,20.756,20.856,20.856,20.722,20.733,20.728,20.571,20.588,20.661,20.661,20.605,20.689,20.728,20.666,20.627,20.644,20.644,20.627,20.627,20.622,20.599,20.538,20.51,20.627,20.638,20.515,20.448,20.426,20.571,20.661,20.577,20.543,20.549,20.577,20.599,20.616,20.599,20.583,20.611,20.605,20.851,21.007,20.839,20.655,20.616,20.616,20.515,20.538,20.588,20.588,20.577,20.594,20.655,20.655,20.588,20.532,20.487,20.504,20.555,20.571,20.577,20.56,20.543,20.577,20.471,20.482,20.683,20.655,20.611,20.56,20.504,20.504,20.583,20.633,20.599,20.476,20.527,20.611,20.555,20.588,20.555,20.465,20.431,20.398,20.504,20.51,20.353,20.392,20.409,20.415,20.454,20.42,20.471,20.471,20.375,20.381,20.415,20.392,20.347,20.459,20.476,20.431,20.459,20.499,20.465,20.392,20.375,20.308,20.359,20.387,20.297,20.314,20.359,20.37,20.353,20.353,20.37,20.381
20.331,20.308,20.269,20.291,20.134,20.23,20.342,20.213,20.224,20.23,20.213,20.213,20.23,20.314,20.347,20.303,20.325,20.347,20.336,20.331,20.319,20.207,20.218,20.387,20.331,20.37,20.431,20.392,20.381,20.342,20.325,20.353,20.291,20.364,20.459,20.437,20.426,20.499,20.56,20.549,20.611,20.655,20.616,20.566,20.605,20.733,20.773,20.7,20.694,20.706,20.7,20.689,20.722,20.694,20.7,20.784,20.666,20.56,20.566,20.622,20.678,20.633,20.566,20.594,20.655,20.594,20.521,20.56,20.515,20.476,20.527,20.605,20.504,20.515,20.566,20.515,20.521,20.566,20.588,20.56,20.543,20.538,20.577,20.627,20.571,20.616,20.655,20.588,20.583,20.588,20.611,20.644,20.65,20.638,20.571,20.504,20.532,20.566,20.599,20.638,20.605,20.577,20.588,20.611,20.566,20.655,20.717,20.638,20.627,20.655,20.644,20.605,20.605,20.694,20.683,20.555,20.638,20.638,20.588,20.622,20.605,20.549,20.571,20.666,20.616,20.644,20.929,21.285,21.59,21.24,20.767,20.845,20.834,20.862,20.817,20.739,20.867,21.185,21.151,20.778,20.823,20.94,21.085,21.224,21.179,21.018,21.023,21.24,21.507,21.151,20.761,20.945,20.901,20.918,20.912,20.828,20.89,20.862,20.823,20.884,20.856,20.862,20.89,20.918,20.867,21.861,22.774,22.483,21.656,20.934,20.912,21.14,21.124,20.945,20.856,20.968,21.168,21.046,20.862,20.951,20.845,20.839,20.851,20.773,20.767,20.789,20.8,20.784,20.739,20.778,20.839,20.823,20.784,20.828,20.867,20.817,20.728,20.728,20.761,20.739,20.733,20.761,20.856,20.94,20.745,20.683,20.689,20.588,20.627,20.666,20.638,20.627,20.767,20.722,20.627,20.689,20.622,20.571,20.588,20.611,20.594,20.549,20.549,20.605,20.633,20.638,20.566,20.499,20.515,20.638,20.7,20.666,20.717,20.661,20.555,20.555,20.605,20.521,20.538,20.756,20.823,20.984,20.929,20.627,20.605,20.583,20.532,20.515,20.532,20.622,20.644,20.571,20.577,20.666,20.7,20.622,20.532,20.527,20.549,20.521,20.521,20.583,20.594,20.532,20.566,20.577,20.583,20.616,20.611,20.56,20.555,20.605,20.566,20.599,20.666,20.65,20.465,20.493,20.588,20.515,20.555,20.499,20.454,20.51,20.504,20.443,20.387,20.392,20.426,20.482,20.487,20.448,20.375,20.443,20.471,20.364,20.459,20.392,20.291,20.364,20.415,20.448,20.448,20.459,20.493,20.476,20.437,20.437,20.387,20.37,20.364,20.342,20.381,20.336,20.331,20.431,20.437,20.443,20.448
20.308,20.269,20.196,20.196,20.151,20.263,20.291,20.123,20.168,20.235,20.213,20.168,20.319,20.331,20.258,20.303,20.331,20.331,20.336,20.387,20.364,20.269,20.269,20.392,20.381,20.308,20.331,20.443,20.381,20.331,20.319,20.303,20.297,20.353,20.426,20.454,20.42,20.532,20.644,20.627,20.7,20.728,20.638,20.56,20.672,20.778,20.784,20.75,20.739,20.666,20.599,20.599,20.627,20.56,20.566,20.7,20.577,20.599,20.65,20.549,20.594,20.555,20.532,20.616,20.644,20.538,20.499,20.622,20.532,20.426,20.465,20.583,20.515,20.549,20.583,20.515,20.51,20.56,20.594,20.577,20.577,20.599,20.599,20.594,20.599,20.605,20.611,20.616,20.611,20.594,20.611,20.661,20.638,20.605,20.566,20.527,20.549,20.605,20.616,20.583,20.583,20.611,20.627,20.622,20.577,20.644,20.689,20.627,20.616,20.622,20.622,20.605,20.577,20.583,20.566,20.521,20.566,20.661,20.661,20.588,20.633,20.577,20.56,20.666,20.588,20.616,20.8,21.051,21.861,21.579,20.862,20.979,20.834,20.817,20.867,20.828,20.862,20.99,20.934,20.717,20.683,20.884,21.29,21.562,21.351,20.99,20.867,21.029,21.545,21.301,20.806,20.929,20.929,20.828,20.784,20.867,20.806,20.8,20.884,20.951,20.862,20.851,20.934,21.029,21.213,21.424,21.407,21.19,20.806,20.761,21.04,21.151,21.007,20.812,20.767,20.828,20.862,20.795,20.812,20.945,20.879,20.784,20.745,20.75,20.728,20.739,20.8,20.845,20.761,20.795,20.817,20.722,20.722,20.784,20.795,20.739,20.7,20.8,20.839,20.711,20.694,20.638,20.655,20.761,20.7,20.733,20.75,20.644,20.65,20.638,20.622,20.661,20.773,20.689,20.583,20.655,20.583,20.527,20.549,20.583,20.555,20.538,20.583,20.65,20.577,20.577,20.661,20.706,20.638,20.594,20.605,20.644,20.773,20.733,20.571,20.515,20.583,20.532,20.605,20.879,20.945,20.895,20.711,20.543,20.588,20.571,20.487,20.471,20.521,20.599,20.622,20.583,20.515,20.527,20.594,20.599,20.499,20.521,20.566,20.487,20.448,20.504,20.56,20.549,20.611,20.622,20.555,20.504,20.499,20.51,20.571,20.65,20.611,20.555,20.605,20.694,20.588,20.56,20.555,20.482,20.42,20.437,20.521,20.571,20.566,20.471,20.409,20.454,20.42,20.426,20.426,20.398,20.381,20.415,20.415,20.359,20.443,20.387,20.297,20.353,20.364,20.381,20.409,20.443,20.392,20.448,20.487,20.426,20.443,20.398,20.37,20.415,20.387,20.325,20.364,20.487,20.482,20.482,20.499
20.213,20.23,20.235,20.258,20.134,20.129,20.196,20.185,20.162,20.263,20.286,20.174,20.218,20.258,20.275,20.286,20.218,20.213,20.275,20.314,20.291,20.336,20.403,20.403,20.398,20.297,20.297,20.443,20.364,20.342,20.347,20.297,20.286,20.347,20.392,20.392,20.499,20.51,20.515,20.627,20.583,20.627,20.739,20.773,20.75,20.65,20.638,20.75,20.717,20.678,20.672,20.655,20.571,20.566,20.605,20.594,20.616,20.594,20.538,20.51,20.471,20.459,20.51,20.549,20.347,20.415,20.56,20.476,20.504,20.521,20.51,20.521,20.588,20.605,20.56,20.538,20.532,20.577,20.594,20.555,20.521,20.571,20.616,20.577,20.493,20.527,20.616,20.638,20.633,20.633,20.655,20.678,20.583,20.51,20.521,20.555,20.583,20.566,20.521,20.51,20.515,20.588,20.599,20.527,20.599,20.65,20.638,20.622,20.566,20.577,20.599,20.571,20.616,20.594,20.543,20.549,20.532,20.627,20.655,20.56,20.605,20.661,20.622,20.555,20.644,20.627,20.487,20.549,21.39,21.545,21.151,21.124,20.789,20.694,20.773,20.717,20.728,20.817,20.845,20.778,20.694,20.99,21.201,20.984,20.812,20.867,20.996,20.957,20.979,20.934,20.823,20.756,20.789,20.767,20.717,20.717,20.666,20.8,20.89,20.773,20.7,20.75,20.973,21.174,21.129,20.884,20.717,20.756,20.778,20.89,20.962,20.929,20.795,20.745,20.733,20.678,20.795,20.845,20.834,20.862,20.789,20.828,20.823,20.694,20.655,20.65,20.745,20.845,20.627,20.683,20.773,20.599,20.616,20.65,20.638,20.627,20.683,20.812,20.789,20.633,20.543,20.51,20.527,20.549,20.638,20.661,20.599,20.549,20.448,20.515,20.622,20.611,20.683,20.722,20.638,20.532,20.566,20.571,20.543,20.549,20.549,20.577,20.588,20.577,20.521,20.499,20.706,20.962,20.706,20.51,20.532,20.566,20.605,20.594,20.543,20.527,20.521,20.605,20.773,20.895,20.851,20.666,20.566,20.633,20.538,20.577,20.577,20.431,20.499,20.577,20.627,20.655,20.555,20.448,20.459,20.538,20.499,20.448,20.465,20.521,20.471,20.459,20.51,20.549,20.566,20.459,20.443,20.583,20.493,20.504,20.538,20.471,20.515,20.504,20.543,20.678,20.638,20.605,20.543,20.448,20.364,20.504,20.599,20.459,20.403,20.555,20.538,20.275,20.336,20.336,20.286,20.331,20.364,20.459,20.448,20.325,20.291,20.403,20.403,20.258,20.392,20.359,20.303,20.426,20.319,20.42,20.499,20.359,20.409,20.409,20.375,20.403,20.375,20.403,20.403,20.347,20.364,20.426,20.454
20.196,20.263,20.286,20.224,20.235,20.151,20.123,20.224,20.179,20.269,20.325,20.23,20.297,20.359,20.347,20.336,20.347,20.392,20.448,20.465,20.359,20.359,20.409,20.387,20.42,20.325,20.308,20.448,20.353,20.297,20.353,20.415,20.415,20.409,20.454,20.515,20.471,20.549,20.627,20.583,20.583,20.655,20.711,20.678,20.627,20.566,20.56,20.605,20.65,20.683,20.661,20.627,20.661,20.683,20.689,20.689,20.594,20.616,20.638,20.549,20.515,20.499,20.504,20.51,20.465,20.549,20.616,20.549,20.51,20.549,20.549,20.471,20.504,20.538,20.515,20.487,20.493,20.515,20.566,20.616,20.577,20.571,20.571,20.549,20.538,20.583,20.616,20.583,20.571,20.594,20.627,20.65,20.627,20.622,20.577,20.515,20.616,20.583,20.538,20.622,20.549,20.588,20.627,20.56,20.611,20.694,20.694,20.622,20.577,20.527,20.56,20.65,20.588,20.611,20.666,20.638,20.571,20.655,20.7,20.583,20.527,20.616,20.661,20.56,20.638,20.611,20.493,20.521,20.778,21.761,21.916,20.906,20.683,20.661,20.767,20.851,20.778,20.75,20.789,20.812,20.756,20.795,20.867,20.851,20.834,20.873,20.867,20.789,20.839,20.879,20.817,20.739,20.756,20.789,20.773,20.728,20.717,20.739,20.773,20.773,20.678,20.733,20.823,20.806,20.94,20.812,20.694,20.845,20.867,20.817,20.784,20.8,20.672,20.683,20.773,20.778,20.884,20.934,20.89,20.851,20.773,20.845,20.839,20.661,20.666,20.773,20.789,20.7,20.7,20.678,20.711,20.784,20.672,20.683,20.773,20.773,20.823,20.778,20.627,20.521,20.51,20.655,20.728,20.627,20.594,20.627,20.622,20.543,20.543,20.583,20.644,20.694,20.678,20.622,20.588,20.599,20.571,20.605,20.605,20.543,20.599,20.655,20.588,20.459,20.347,20.437,20.817,21.112,20.845,20.538,20.549,20.711,20.65,20.599,20.549,20.504,20.638,20.717,20.7,20.717,20.795,20.666,20.538,20.622,20.616,20.56,20.532,20.543,20.487,20.51,20.577,20.594,20.555,20.493,20.51,20.571,20.487,20.51,20.566,20.532,20.493,20.538,20.538,20.448,20.459,20.549,20.594,20.566,20.532,20.571,20.605,20.566,20.616,20.577,20.532,20.583,20.599,20.605,20.538,20.443,20.426,20.459,20.465,20.426,20.437,20.476,20.443,20.364,20.353,20.398,20.409,20.37,20.325,20.448,20.515,20.392,20.375,20.387,20.364,20.308,20.241,20.336,20.465,20.465,20.487,20.403,20.342,20.409,20.448,20.398,20.392,20.487,20.403,20.342,20.353,20.381,20.437,20.454,20.437
20.185,20.246,20.297,20.174,20.28,20.241,20.196,20.314,20.235,20.235,20.275,20.258,20.336,20.381,20.364,20.364,20.353,20.387,20.454,20.482,20.381,20.381,20.42,20.37,20.336,20.314,20.364,20.454,20.437,20.437,20.482,20.527,20.521,20.482,20.476,20.51,20.392,20.51,20.644,20.56,20.622,20.706,20.689,20.622,20.644,20.622,20.583,20.599,20.672,20.711,20.672,20.655,20.7,20.694,20.633,20.599,20.583,20.638,20.65,20.583,20.549,20.527,20.493,20.465,20.515,20.577,20.56,20.51,20.56,20.571,20.538,20.521,20.476,20.515,20.56,20.527,20.543,20.532,20.549,20.616,20.566,20.532,20.532,20.527,20.532,20.56,20.605,20.622,20.577,20.594,20.622,20.594,20.583,20.611,20.577,20.493,20.571,20.583,20.571,20.633,20.583,20.577,20.588,20.577,20.583,20.655,20.689,20.638,20.588,20.571,20.616,20.661,20.622,20.627,20.65,20.638,20.583,20.599,20.627,20.588,20.571,20.627,20.65,20.599,20.594,20.638,20.644,20.599,20.398,21.512,21.933,20.717,20.728,20.879,20.879,20.823,20.823,20.733,20.706,20.812,20.784,20.7,20.7,20.795,20.845,20.867,20.834,20.795,20.817,20.851,20.867,20.867,20.778,20.784,20.778,20.7,20.756,20.722,20.706,20.8,20.745,20.817,20.862,20.745,20.767,20.778,20.823,20.923,20.845,20.839,20.806,20.717,20.923,20.912,20.767,20.812,20.845,20.828,20.851,20.934,20.795,20.778,20.823,20.761,20.717,20.767,20.778,20.7,20.756,20.722,20.733,20.845,20.722,20.666,20.717,20.761,20.795,20.756,20.65,20.611,20.722,20.828,20.784,20.683,20.644,20.65,20.627,20.577,20.616,20.666,20.678,20.672,20.694,20.616,20.566,20.644,20.594,20.65,20.683,20.599,20.616,20.599,20.566,20.571,20.437,20.51,20.761,20.867,20.678,20.661,20.745,20.689,20.65,20.605,20.549,20.521,20.622,20.672,20.722,20.812,20.7,20.583,20.56,20.571,20.56,20.515,20.527,20.588,20.515,20.555,20.594,20.515,20.532,20.555,20.566,20.56,20.459,20.521,20.599,20.532,20.56,20.605,20.571,20.504,20.577,20.583,20.521,20.521,20.538,20.555,20.527,20.499,20.549,20.633,20.627,20.543,20.543,20.527,20.504,20.527,20.56,20.555,20.471,20.409,20.443,20.476,20.482,20.482,20.431,20.403,20.426,20.459,20.359,20.409,20.493,20.443,20.375,20.381,20.426,20.426,20.381,20.403,20.431,20.415,20.465,20.409,20.308,20.319,20.459,20.454,20.347,20.342,20.359,20.37,20.387,20.415,20.409,20.415,20.426
20.207,20.202,20.235,20.218,20.263,20.252,20.246,20.303,20.246,20.224,20.241,20.246,20.303,20.364,20.387,20.387,20.375,20.331,20.347,20.431,20.387,20.403,20.431,20.392,20.297,20.336,20.42,20.409,20.493,20.577,20.566,20.521,20.532,20.527,20.459,20.392,20.375,20.459,20.56,20.599,20.616,20.683,20.7,20.661,20.722,20.706,20.661,20.689,20.694,20.655,20.638,20.666,20.655,20.627,20.566,20.527,20.594,20.616,20.583,20.594,20.611,20.566,20.493,20.471,20.499,20.487,20.454,20.476,20.566,20.549,20.493,20.527,20.515,20.555,20.577,20.549,20.583,20.56,20.527,20.555,20.566,20.527,20.493,20.521,20.493,20.515,20.583,20.616,20.599,20.65,20.644,20.543,20.532,20.532,20.515,20.51,20.499,20.549,20.577,20.538,20.583,20.577,20.549,20.577,20.611,20.616,20.605,20.622,20.605,20.661,20.678,20.605,20.655,20.638,20.588,20.588,20.566,20.543,20.56,20.611,20.666,20.622,20.571,20.616,20.583,20.627,20.666,20.622,20.493,20.895,21.196,20.923,20.839,20.884,20.862,20.728,20.784,20.711,20.65,20.75,20.756,20.767,20.778,20.778,20.806,20.806,20.828,20.879,20.856,20.862,20.884,20.862,20.728,20.728,20.756,20.678,20.75,20.75,20.722,20.773,20.761,20.862,20.951,20.89,20.739,20.728,20.834,20.851,20.767,20.851,20.884,20.795,21.229,21.179,20.812,20.773,20.728,20.717,20.828,20.962,20.806,20.722,20.784,20.817,20.711,20.683,20.75,20.778,20.773,20.778,20.761,20.728,20.728,20.655,20.605,20.661,20.694,20.717,20.7,20.683,20.812,20.773,20.65,20.666,20.661,20.616,20.577,20.583,20.566,20.655,20.661,20.532,20.611,20.627,20.594,20.627,20.594,20.622,20.644,20.599,20.583,20.493,20.493,20.622,20.555,20.577,20.773,20.945,20.884,20.862,20.761,20.571,20.594,20.605,20.555,20.521,20.532,20.666,20.895,21.007,20.694,20.571,20.616,20.527,20.515,20.532,20.549,20.555,20.538,20.594,20.599,20.515,20.527,20.566,20.571,20.549,20.499,20.499,20.515,20.515,20.577,20.599,20.566,20.566,20.65,20.527,20.409,20.499,20.482,20.51,20.504,20.426,20.448,20.599,20.678,20.594,20.571,20.476,20.448,20.56,20.605,20.638,20.56,20.426,20.431,20.499,20.504,20.443,20.437,20.353,20.353,20.482,20.426,20.37,20.398,20.448,20.342,20.381,20.471,20.448,20.504,20.42,20.336,20.392,20.331,20.375,20.37,20.258,20.387,20.471,20.381,20.269,20.303,20.37,20.403,20.403,20.342,20.342,20.381
20.275,20.218,20.196,20.308,20.246,20.19,20.19,20.202,20.213,20.291,20.319,20.269,20.308,20.42,20.465,20.443,20.538,20.443,20.37,20.499,20.459,20.426,20.426,20.426,20.37,20.443,20.476,20.375,20.454,20.538,20.521,20.465,20.515,20.555,20.471,20.364,20.443,20.499,20.549,20.644,20.583,20.633,20.711,20.683,20.683,20.683,20.689,20.694,20.644,20.566,20.566,20.627,20.633,20.627,20.644,20.672,20.611,20.571,20.583,20.605,20.689,20.622,20.504,20.515,20.56,20.482,20.448,20.56,20.504,20.504,20.493,20.431,20.538,20.577,20.51,20.487,20.538,20.538,20.504,20.532,20.627,20.571,20.482,20.527,20.504,20.577,20.594,20.51,20.577,20.689,20.655,20.532,20.588,20.56,20.493,20.527,20.499,20.543,20.571,20.521,20.583,20.599,20.577,20.611,20.694,20.661,20.56,20.571,20.633,20.689,20.655,20.599,20.622,20.65,20.633,20.605,20.577,20.571,20.611,20.661,20.644,20.549,20.521,20.605,20.622,20.566,20.538,20.599,20.644,20.571,20.806,21.251,20.89,20.599,20.672,20.773,20.717,20.666,20.678,20.7,20.761,20.8,20.789,20.778,20.834,20.761,20.728,20.845,20.879,20.895,20.812,20.672,20.616,20.722,20.795,20.722,20.756,20.767,20.739,20.739,20.717,20.817,20.89,20.817,20.784,20.739,20.756,20.823,20.8,20.778,20.817,20.923,21.185,21.174,20.923,20.8,20.739,20.8,20.89,20.89,20.806,20.778,20.773,20.722,20.655,20.717,20.784,20.745,20.789,20.795,20.722,20.666,20.728,20.728,20.683,20.694,20.711,20.666,20.594,20.571,20.605,20.583,20.594,20.666,20.571,20.527,20.555,20.543,20.504,20.605,20.616,20.471,20.504,20.571,20.605,20.616,20.599,20.571,20.543,20.521,20.566,20.499,20.443,20.527,20.627,20.7,21.018,21.473,21.529,21.007,20.527,20.583,20.588,20.622,20.577,20.493,20.566,20.812,21.001,20.979,20.784,20.706,20.661,20.532,20.611,20.611,20.543,20.543,20.527,20.532,20.555,20.56,20.549,20.571,20.588,20.583,20.588,20.521,20.471,20.515,20.538,20.56,20.538,20.487,20.493,20.51,20.51,20.504,20.443,20.555,20.644,20.543,20.527,20.571,20.633,20.644,20.661,20.543,20.437,20.493,20.555,20.594,20.543,20.465,20.459,20.437,20.37,20.325,20.37,20.364,20.37,20.448,20.437,20.37,20.381,20.471,20.403,20.37,20.381,20.375,20.336,20.336,20.409,20.471,20.353,20.314,20.359,20.364,20.308,20.392,20.51,20.471,20.336,20.269,20.331,20.392,20.37,20.342,20.331
20.218,20.269,20.269,20.275,20.185,20.224,20.291,20.269,20.359,20.437,20.409,20.342,20.314,20.387,20.431,20.392,20.521,20.437,20.319,20.42,20.431,20.459,20.426,20.342,20.286,20.482,20.644,20.555,20.487,20.555,20.594,20.499,20.504,20.543,20.504,20.409,20.431,20.532,20.594,20.594,20.644,20.683,20.689,20.689,20.661,20.627,20.644,20.694,20.7,20.611,20.566,20.627,20.583,20.571,20.638,20.689,20.594,20.583,20.638,20.622,20.543,20.487,20.476,20.487,20.527,20.471,20.437,20.515,20.465,20.566,20.594,20.443,20.493,20.504,20.482,20.51,20.487,20.543,20.583,20.543,20.521,20.532,20.538,20.515,20.471,20.689,20.778,20.555,20.583,20.683,20.666,20.571,20.627,20.594,20.482,20.448,20.448,20.571,20.622,20.527,20.532,20.538,20.566,20.633,20.678,20.7,20.644,20.583,20.622,20.672,20.633,20.571,20.605,20.638,20.611,20.571,20.571,20.588,20.622,20.655,20.566,20.51,20.532,20.577,20.611,20.594,20.566,20.571,20.538,20.555,20.806,21.124,21.096,20.817,20.622,20.666,20.605,20.65,20.694,20.661,20.778,20.756,20.683,20.739,20.789,20.706,20.678,20.806,20.823,20.778,20.728,20.728,20.756,20.778,20.773,20.767,20.784,20.733,20.761,20.895,20.806,20.778,20.834,20.867,20.912,20.761,20.644,20.75,20.8,20.856,20.851,20.823,20.945,20.945,20.817,20.761,20.789,20.778,20.795,20.873,20.851,20.873,20.812,20.661,20.588,20.789,20.895,20.7,20.611,20.605,20.65,20.666,20.638,20.722,20.756,20.655,20.555,20.588,20.633,20.566,20.611,20.555,20.521,20.622,20.555,20.599,20.611,20.493,20.538,20.566,20.56,20.577,20.543,20.549,20.588,20.622,20.678,20.633,20.538,20.527,20.633,20.258,20.246,21.012,21.855,21.933,21.329,21.046,21.118,20.867,20.532,20.543,20.493,20.538,20.605,20.599,20.616,20.739,20.94,21.04,20.745,20.616,20.644,20.577,20.571,20.583,20.543,20.476,20.459,20.499,20.543,20.555,20.555,20.611,20.611,20.521,20.555,20.493,20.431,20.482,20.493,20.482,20.459,20.465,20.493,20.493,20.51,20.566,20.543,20.549,20.583,20.583,20.465,20.588,20.717,20.633,20.689,20.65,20.555,20.555,20.543,20.571,20.543,20.459,20.403,20.487,20.476,20.319,20.381,20.364,20.331,20.392,20.392,20.375,20.398,20.454,20.387,20.286,20.297,20.392,20.359,20.331,20.359,20.381,20.303,20.331,20.375,20.325,20.291,20.392,20.487,20.437,20.325,20.325,20.364,20.325,20.336,20.308,20.275
20.23,20.241,20.241,20.218,20.224,20.314,20.353,20.325,20.437,20.454,20.42,20.471,20.387,20.403,20.465,20.437,20.37,20.415,20.482,20.437,20.42,20.437,20.448,20.431,20.448,20.555,20.627,20.594,20.611,20.538,20.499,20.566,20.549,20.56,20.555,20.527,20.532,20.605,20.655,20.627,20.644,20.655,20.633,20.622,20.694,20.633,20.616,20.75,20.694,20.661,20.666,20.644,20.571,20.588,20.644,20.644,20.666,20.638,20.588,20.566,20.482,20.448,20.487,20.515,20.527,20.499,20.454,20.437,20.42,20.543,20.605,20.499,20.465,20.465,20.532,20.611,20.583,20.577,20.594,20.588,20.521,20.538,20.566,20.538,20.588,20.65,20.644,20.599,20.549,20.588,20.627,20.599,20.644,20.616,20.543,20.538,20.588,20.571,20.538,20.577,20.605,20.515,20.493,20.611,20.611,20.599,20.616,20.633,20.599,20.622,20.627,20.594,20.678,20.672,20.605,20.599,20.571,20.633,20.644,20.56,20.594,20.655,20.633,20.571,20.583,20.588,20.599,20.622,20.599,20.638,20.795,20.957,20.968,20.834,20.717,20.739,20.661,20.666,20.7,20.683,20.761,20.778,20.733,20.728,20.8,20.806,20.75,20.739,20.706,20.739,20.761,20.733,20.828,20.812,20.756,20.795,20.722,20.706,20.8,20.884,20.806,20.851,20.89,20.8,20.862,20.839,20.806,20.867,20.834,20.923,20.934,20.795,20.918,20.879,20.761,20.817,20.873,20.8,20.773,20.906,20.945,20.968,20.862,20.706,20.678,20.756,20.789,20.7,20.583,20.627,20.722,20.694,20.644,20.711,20.767,20.706,20.65,20.65,20.633,20.571,20.616,20.599,20.543,20.555,20.583,20.588,20.532,20.471,20.499,20.566,20.599,20.599,20.622,20.644,20.616,20.583,20.655,20.683,20.521,20.347,20.387,21.124,21.938,22.153,22.285,22.026,21.34,20.778,20.739,20.711,20.599,20.532,20.471,20.51,20.566,20.56,20.56,20.611,20.75,20.884,20.873,20.728,20.571,20.521,20.538,20.532,20.493,20.482,20.493,20.577,20.594,20.521,20.532,20.566,20.566,20.538,20.515,20.51,20.515,20.538,20.583,20.566,20.499,20.476,20.482,20.566,20.611,20.577,20.588,20.622,20.588,20.504,20.504,20.599,20.661,20.638,20.678,20.683,20.638,20.616,20.577,20.616,20.577,20.426,20.392,20.504,20.527,20.392,20.431,20.426,20.353,20.331,20.375,20.387,20.387,20.42,20.398,20.359,20.37,20.431,20.42,20.364,20.331,20.342,20.331,20.359,20.398,20.403,20.353,20.353,20.37,20.331,20.286,20.375,20.437,20.359,20.37,20.381,20.37
20.241,20.241,20.241,20.202,20.269,20.336,20.342,20.325,20.336,20.364,20.42,20.476,20.448,20.431,20.443,20.443,20.28,20.431,20.599,20.465,20.426,20.431,20.476,20.532,20.588,20.566,20.515,20.538,20.566,20.493,20.465,20.577,20.588,20.577,20.599,20.65,20.627,20.622,20.65,20.666,20.571,20.56,20.599,20.583,20.655,20.678,20.672,20.711,20.633,20.655,20.706,20.655,20.611,20.616,20.616,20.571,20.644,20.622,20.532,20.521,20.549,20.527,20.487,20.499,20.493,20.493,20.471,20.431,20.415,20.476,20.538,20.521,20.487,20.471,20.527,20.616,20.65,20.605,20.571,20.611,20.583,20.56,20.527,20.499,20.622,20.543,20.459,20.577,20.532,20.527,20.571,20.594,20.571,20.583,20.616,20.633,20.678,20.543,20.476,20.633,20.678,20.555,20.499,20.627,20.611,20.549,20.566,20.666,20.633,20.622,20.616,20.599,20.7,20.694,20.627,20.644,20.599,20.633,20.616,20.521,20.655,20.7,20.638,20.627,20.583,20.566,20.594,20.633,20.644,20.638,20.683,20.789,20.945,21.007,20.906,20.806,20.717,20.7,20.739,20.756,20.689,20.812,20.856,20.7,20.778,20.845,20.789,20.711,20.694,20.812,20.856,20.767,20.789,20.795,20.745,20.7,20.65,20.728,20.812,20.789,20.761,20.895,20.918,20.75,20.761,20.862,20.94,20.94,20.834,20.839,20.901,20.884,20.923,20.94,20.901,20.879,20.923,20.856,20.784,20.851,20.99,20.934,20.773,20.75,20.717,20.611,20.583,20.672,20.65,20.75,20.784,20.666,20.689,20.689,20.694,20.761,20.806,20.7,20.577,20.588,20.571,20.599,20.605,20.555,20.571,20.549,20.515,20.538,20.482,20.599,20.661,20.538,20.661,20.745,20.666,20.566,20.51,20.745,20.884,20.745,20.778,22.021,22.883,22.258,21.512,21.09,20.99,20.773,20.644,20.605,20.599,20.56,20.521,20.56,20.56,20.476,20.51,20.543,20.566,20.627,20.856,20.923,20.728,20.566,20.566,20.56,20.521,20.51,20.521,20.616,20.616,20.499,20.493,20.471,20.493,20.577,20.521,20.515,20.549,20.543,20.599,20.638,20.577,20.504,20.482,20.622,20.661,20.515,20.515,20.627,20.599,20.448,20.583,20.627,20.566,20.577,20.622,20.694,20.666,20.577,20.566,20.605,20.56,20.437,20.426,20.471,20.482,20.443,20.415,20.431,20.431,20.387,20.403,20.398,20.387,20.409,20.409,20.409,20.415,20.426,20.387,20.392,20.387,20.342,20.387,20.409,20.392,20.387,20.37,20.342,20.308,20.286,20.28,20.342,20.398,20.387,20.387,20.409,20.426
20.19,20.319,20.359,20.241,20.224,20.28,20.331,20.325,20.235,20.347,20.448,20.364,20.415,20.387,20.319,20.342,20.359,20.459,20.499,20.426,20.415,20.465,20.493,20.465,20.476,20.51,20.566,20.588,20.37,20.471,20.644,20.543,20.583,20.577,20.616,20.717,20.616,20.566,20.599,20.611,20.532,20.532,20.605,20.638,20.549,20.672,20.745,20.588,20.611,20.627,20.627,20.655,20.633,20.599,20.566,20.532,20.499,20.532,20.571,20.549,20.588,20.549,20.459,20.431,20.415,20.431,20.471,20.493,20.465,20.476,20.499,20.499,20.51,20.471,20.454,20.51,20.566,20.583,20.577,20.588,20.538,20.549,20.521,20.415,20.471,20.549,20.566,20.543,20.571,20.577,20.577,20.594,20.482,20.538,20.622,20.566,20.577,20.532,20.549,20.655,20.622,20.56,20.599,20.706,20.689,20.655,20.65,20.655,20.689,20.672,20.594,20.56,20.594,20.65,20.666,20.65,20.655,20.594,20.555,20.599,20.633,20.538,20.527,20.683,20.622,20.583,20.588,20.566,20.499,20.566,20.611,20.616,21.224,21.501,21.101,20.711,20.638,20.694,20.784,20.806,20.644,20.739,20.823,20.65,20.672,20.711,20.722,20.739,20.806,20.851,20.873,20.89,20.773,20.767,20.717,20.56,20.655,20.761,20.8,20.823,20.806,20.817,20.839,20.828,20.8,20.795,20.8,20.795,20.784,20.717,20.778,20.945,20.778,20.89,21.007,20.845,20.918,20.873,20.722,20.706,20.94,20.828,20.611,20.689,20.588,20.532,20.577,20.627,20.644,20.706,20.683,20.588,20.661,20.661,20.644,20.711,20.711,20.622,20.571,20.605,20.538,20.543,20.605,20.611,20.521,20.571,20.655,20.611,20.566,20.627,20.638,20.538,20.65,20.7,20.672,20.683,20.605,21.073,21.59,21.612,21.723,21.756,21.523,21.174,20.884,20.75,20.728,20.655,20.577,20.515,20.538,20.594,20.549,20.599,20.611,20.515,20.571,20.549,20.499,20.549,20.588,20.906,21.046,20.789,20.633,20.644,20.633,20.471,20.482,20.549,20.555,20.504,20.471,20.454,20.487,20.543,20.515,20.476,20.448,20.443,20.459,20.543,20.571,20.527,20.527,20.577,20.56,20.482,20.465,20.515,20.543,20.521,20.583,20.661,20.599,20.482,20.588,20.767,20.711,20.51,20.515,20.521,20.499,20.499,20.437,20.443,20.471,20.431,20.342,20.347,20.454,20.515,20.431,20.398,20.426,20.415,20.375,20.303,20.308,20.375,20.297,20.387,20.448,20.336,20.364,20.459,20.387,20.218,20.308,20.387,20.353,20.319,20.347,20.308,20.275,20.325,20.325,20.342,20.359
20.213,20.269,20.286,20.319,20.275,20.246,20.286,20.336,20.241,20.258,20.381,20.42,20.319,20.297,20.347,20.359,20.42,20.448,20.499,20.577,20.364,20.37,20.487,20.443,20.471,20.555,20.583,20.527,20.431,20.515,20.65,20.661,20.706,20.661,20.599,20.622,20.571,20.594,20.588,20.51,20.555,20.555,20.527,20.56,20.622,20.644,20.661,20.7,20.633,20.605,20.627,20.638,20.661,20.627,20.566,20.549,20.538,20.532,20.521,20.504,20.504,20.437,20.426,20.499,20.426,20.387,20.426,20.465,20.42,20.403,20.415,20.426,20.431,20.504,20.543,20.493,20.482,20.482,20.538,20.611,20.532,20.532,20.527,20.437,20.499,20.583,20.594,20.56,20.443,20.538,20.644,20.56,20.566,20.543,20.521,20.543,20.599,20.566,20.543,20.605,20.583,20.566,20.571,20.577,20.56,20.616,20.622,20.538,20.599,20.627,20.583,20.56,20.493,20.594,20.683,20.622,20.622,20.577,20.583,20.655,20.633,20.566,20.56,20.616,20.571,20.583,20.605,20.566,20.543,20.527,20.555,20.644,20.817,21.446,21.473,20.739,20.672,20.605,20.638,20.812,20.689,20.605,20.672,20.733,20.594,20.689,20.845,20.789,20.823,20.806,20.773,20.784,20.739,20.711,20.622,20.499,20.532,20.739,20.856,20.784,20.806,20.8,20.789,20.817,20.789,20.672,20.627,20.722,20.856,20.745,20.683,20.895,20.973,20.761,20.65,20.879,20.945,20.856,20.706,20.683,20.89,20.756,20.527,20.611,20.56,20.605,20.717,20.756,20.655,20.678,20.672,20.532,20.583,20.622,20.599,20.577,20.583,20.599,20.571,20.527,20.56,20.583,20.538,20.499,20.471,20.555,20.588,20.499,20.521,20.583,20.594,20.549,20.583,20.308,20.308,20.912,21.85,22.697,22.467,21.667,21.396,21.101,20.901,20.862,20.666,20.611,20.627,20.566,20.622,20.538,20.499,20.616,20.566,20.599,20.599,20.493,20.555,20.555,20.549,20.611,20.431,20.706,21.068,20.984,20.795,20.599,20.499,20.459,20.549,20.543,20.437,20.392,20.459,20.493,20.465,20.443,20.42,20.437,20.437,20.409,20.454,20.549,20.622,20.622,20.594,20.51,20.487,20.543,20.454,20.465,20.555,20.588,20.605,20.566,20.549,20.605,20.655,20.728,20.672,20.527,20.538,20.51,20.476,20.504,20.493,20.437,20.392,20.403,20.415,20.375,20.364,20.42,20.403,20.387,20.375,20.353,20.235,20.28,20.342,20.258,20.303,20.331,20.387,20.482,20.375,20.336,20.319,20.246,20.359,20.336,20.28,20.37,20.431,20.331,20.269,20.364,20.28,20.359,20.482
20.151,20.235,20.291,20.291,20.224,20.258,20.325,20.319,20.319,20.269,20.319,20.459,20.319,20.303,20.415,20.465,20.515,20.549,20.538,20.504,20.409,20.431,20.493,20.465,20.448,20.493,20.566,20.611,20.599,20.655,20.717,20.7,20.644,20.599,20.594,20.605,20.555,20.594,20.622,20.577,20.644,20.611,20.56,20.622,20.7,20.655,20.599,20.65,20.588,20.549,20.56,20.571,20.599,20.599,20.555,20.504,20.448,20.538,20.599,20.515,20.521,20.454,20.437,20.527,20.443,20.415,20.465,20.487,20.471,20.482,20.504,20.504,20.51,20.504,20.515,20.555,20.476,20.465,20.521,20.538,20.527,20.527,20.527,20.532,20.583,20.577,20.56,20.588,20.443,20.532,20.644,20.56,20.616,20.622,20.571,20.566,20.622,20.555,20.476,20.532,20.588,20.616,20.599,20.583,20.527,20.655,20.7,20.532,20.571,20.577,20.588,20.655,20.622,20.583,20.605,20.65,20.616,20.599,20.633,20.655,20.605,20.616,20.622,20.577,20.605,20.605,20.543,20.515,20.566,20.538,20.543,20.655,20.476,21.44,21.91,20.973,20.694,20.605,20.655,20.706,20.694,20.599,20.577,20.661,20.599,20.689,20.828,20.828,20.745,20.784,20.778,20.616,20.583,20.666,20.644,20.499,20.549,20.666,20.784,20.862,20.795,20.773,20.806,20.795,20.672,20.711,20.795,20.761,20.851,20.767,20.717,20.884,21.029,20.873,20.722,20.851,20.812,20.784,20.75,20.689,20.75,20.795,20.666,20.499,20.532,20.75,20.806,20.627,20.627,20.683,20.672,20.588,20.583,20.616,20.594,20.521,20.51,20.616,20.644,20.543,20.599,20.627,20.566,20.515,20.515,20.532,20.56,20.583,20.594,20.555,20.471,20.431,20.387,20.879,21.562,21.883,22.269,22.511,22.065,21.285,20.823,20.538,20.571,20.7,20.666,20.611,20.571,20.543,20.599,20.599,20.583,20.611,20.549,20.493,20.504,20.549,20.555,20.583,20.611,20.611,20.482,20.605,20.856,20.929,20.929,20.856,20.655,20.471,20.627,20.583,20.437,20.487,20.504,20.454,20.415,20.448,20.398,20.437,20.504,20.499,20.487,20.538,20.583,20.577,20.588,20.577,20.555,20.543,20.527,20.515,20.532,20.566,20.51,20.499,20.571,20.627,20.599,20.672,20.722,20.65,20.65,20.583,20.51,20.51,20.482,20.426,20.359,20.336,20.398,20.443,20.381,20.319,20.387,20.364,20.297,20.319,20.342,20.364,20.359,20.342,20.37,20.336,20.364,20.471,20.297,20.28,20.387,20.387,20.375,20.353,20.314,20.308,20.398,20.431,20.387,20.353,20.325,20.403,20.476
20.145,20.28,20.319,20.174,20.179,20.286,20.364,20.353,20.398,20.347,20.331,20.415,20.381,20.409,20.487,20.527,20.532,20.611,20.549,20.375,20.471,20.515,20.499,20.543,20.543,20.51,20.555,20.683,20.745,20.694,20.633,20.638,20.515,20.504,20.56,20.56,20.543,20.532,20.571,20.638,20.661,20.638,20.655,20.722,20.706,20.638,20.555,20.515,20.527,20.476,20.465,20.549,20.527,20.527,20.504,20.448,20.387,20.532,20.622,20.493,20.515,20.482,20.471,20.521,20.42,20.448,20.521,20.487,20.499,20.538,20.566,20.555,20.532,20.448,20.437,20.532,20.515,20.499,20.482,20.465,20.532,20.538,20.504,20.521,20.521,20.527,20.543,20.571,20.555,20.555,20.588,20.622,20.616,20.633,20.627,20.599,20.616,20.538,20.443,20.471,20.56,20.605,20.605,20.627,20.577,20.655,20.689,20.56,20.543,20.56,20.627,20.717,20.7,20.599,20.566,20.644,20.638,20.611,20.599,20.616,20.622,20.583,20.555,20.594,20.65,20.627,20.527,20.487,20.549,20.555,20.566,20.638,20.521,21.09,21.756,21.706,21.213,20.745,20.627,20.644,20.689,20.7,20.633,20.583,20.627,20.661,20.722,20.812,20.661,20.706,20.756,20.605,20.566,20.672,20.706,20.588,20.633,20.611,20.661,20.828,20.728,20.745,20.806,20.75,20.638,20.817,20.929,20.745,20.756,20.778,20.8,20.845,20.862,20.929,20.912,20.795,20.706,20.689,20.728,20.739,20.672,20.773,20.834,20.7,20.633,20.722,20.683,20.465,20.577,20.65,20.633,20.627,20.594,20.571,20.566,20.566,20.549,20.583,20.622,20.622,20.588,20.605,20.622,20.577,20.543,20.543,20.571,20.588,20.482,20.566,20.867,21.157,21.396,21.971,22.291,22.021,21.468,21.051,20.918,20.789,20.566,20.459,20.532,20.611,20.65,20.588,20.521,20.538,20.543,20.588,20.605,20.566,20.493,20.443,20.487,20.566,20.583,20.599,20.566,20.51,20.633,20.622,20.622,20.795,20.929,21.107,20.951,20.577,20.616,20.555,20.51,20.622,20.543,20.42,20.409,20.476,20.471,20.459,20.493,20.549,20.487,20.499,20.532,20.493,20.521,20.583,20.577,20.515,20.555,20.538,20.493,20.499,20.487,20.515,20.538,20.532,20.51,20.622,20.717,20.672,20.655,20.611,20.555,20.515,20.465,20.431,20.398,20.364,20.359,20.415,20.415,20.342,20.353,20.336,20.297,20.303,20.415,20.403,20.353,20.409,20.403,20.37,20.353,20.353,20.319,20.381,20.454,20.426,20.331,20.364,20.381,20.269,20.308,20.409,20.387,20.269,20.325,20.375,20.375
20.235,20.331,20.275,20.145,20.258,20.297,20.319,20.437,20.403,20.392,20.398,20.381,20.387,20.487,20.543,20.482,20.482,20.543,20.538,20.448,20.459,20.471,20.51,20.599,20.7,20.672,20.566,20.566,20.767,20.605,20.426,20.605,20.555,20.538,20.493,20.415,20.504,20.482,20.454,20.56,20.594,20.638,20.672,20.689,20.706,20.583,20.482,20.521,20.521,20.431,20.448,20.594,20.56,20.504,20.471,20.471,20.482,20.521,20.499,20.42,20.415,20.42,20.465,20.532,20.392,20.42,20.504,20.437,20.437,20.443,20.448,20.448,20.392,20.437,20.471,20.426,20.515,20.487,20.426,20.493,20.555,20.549,20.465,20.415,20.364,20.482,20.588,20.543,20.577,20.555,20.571,20.666,20.666,20.566,20.521,20.594,20.605,20.571,20.504,20.454,20.493,20.527,20.538,20.555,20.56,20.555,20.538,20.515,20.465,20.56,20.678,20.655,20.571,20.599,20.633,20.571,20.644,20.599,20.532,20.594,20.678,20.532,20.443,20.605,20.605,20.627,20.611,20.538,20.571,20.56,20.566,20.638,20.627,20.443,21.168,22.406,21.993,20.957,20.471,20.683,20.689,20.722,20.722,20.661,20.611,20.633,20.722,20.773,20.666,20.577,20.616,20.706,20.728,20.694,20.666,20.683,20.622,20.622,20.644,20.622,20.655,20.728,20.745,20.706,20.745,20.812,20.756,20.633,20.722,20.812,20.789,20.739,20.756,20.728,20.728,20.789,20.778,20.655,20.661,20.823,20.75,20.65,20.806,21.057,20.789,20.543,20.515,20.549,20.56,20.577,20.583,20.577,20.538,20.493,20.515,20.599,20.622,20.532,20.51,20.622,20.555,20.56,20.594,20.555,20.493,20.566,20.571,20.437,20.336,20.739,21.623,22.34,22.943,22.252,21.135,20.962,20.828,20.706,20.599,20.555,20.583,20.549,20.521,20.571,20.521,20.482,20.487,20.515,20.571,20.538,20.493,20.532,20.465,20.543,20.588,20.493,20.594,20.583,20.471,20.465,20.622,20.566,20.56,20.817,20.867,21.018,20.99,20.711,20.571,20.471,20.493,20.566,20.504,20.471,20.459,20.437,20.515,20.437,20.375,20.482,20.459,20.51,20.56,20.532,20.51,20.443,20.448,20.538,20.493,20.487,20.499,20.487,20.599,20.532,20.437,20.515,20.543,20.571,20.571,20.543,20.51,20.532,20.549,20.515,20.482,20.459,20.459,20.459,20.398,20.336,20.37,20.426,20.303,20.314,20.364,20.297,20.263,20.342,20.364,20.275,20.359,20.359,20.303,20.347,20.459,20.471,20.375,20.325,20.308,20.331,20.359,20.353,20.331,20.28,20.241,20.23,20.23,20.308,20.37
20.151,20.252,20.303,20.218,20.359,20.375,20.319,20.353,20.246,20.387,20.56,20.515,20.56,20.555,20.454,20.37,20.454,20.571,20.543,20.431,20.476,20.499,20.493,20.532,20.493,20.566,20.532,20.37,20.51,20.622,20.571,20.51,20.504,20.521,20.504,20.459,20.443,20.454,20.555,20.683,20.694,20.594,20.549,20.633,20.683,20.583,20.487,20.521,20.504,20.415,20.42,20.555,20.605,20.499,20.448,20.543,20.403,20.493,20.571,20.42,20.538,20.437,20.342,20.476,20.415,20.426,20.476,20.459,20.364,20.437,20.538,20.487,20.437,20.465,20.521,20.521,20.51,20.476,20.448,20.476,20.56,20.532,20.448,20.454,20.454,20.465,20.527,20.599,20.527,20.599,20.65,20.549,20.638,20.605,20.504,20.515,20.538,20.51,20.504,20.577,20.549,20.504,20.504,20.538,20.549,20.571,20.588,20.599,20.543,20.555,20.571,20.543,20.577,20.65,20.644,20.588,20.638,20.638,20.555,20.51,20.577,20.594,20.577,20.605,20.504,20.566,20.65,20.583,20.583,20.566,20.549,20.56,20.56,20.448,21.012,21.993,22.043,21.529,20.89,20.605,20.527,20.627,20.683,20.616,20.706,20.706,20.655,20.683,20.678,20.644,20.633,20.661,20.633,20.605,20.605,20.622,20.633,20.599,20.594,20.655,20.616,20.666,20.728,20.711,20.784,20.806,20.739,20.694,20.75,20.828,20.75,20.616,20.7,20.784,20.756,20.717,20.711,20.739,20.817,20.901,20.812,20.745,20.778,20.812,20.678,20.538,20.499,20.521,20.571,20.594,20.56,20.543,20.555,20.588,20.583,20.566,20.633,20.616,20.515,20.487,20.571,20.549,20.543,20.638,20.454,20.213,20.37,20.867,21.451,21.872,21.988,22.043,22.104,21.534,20.884,20.8,20.588,20.583,20.627,20.532,20.51,20.51,20.543,20.588,20.588,20.515,20.499,20.583,20.555,20.521,20.504,20.51,20.616,20.616,20.543,20.549,20.56,20.493,20.482,20.566,20.443,20.448,20.588,20.683,20.823,20.901,20.806,20.672,20.622,20.56,20.515,20.499,20.415,20.398,20.465,20.51,20.471,20.392,20.403,20.51,20.538,20.571,20.555,20.51,20.527,20.51,20.499,20.532,20.476,20.577,20.627,20.493,20.493,20.543,20.555,20.532,20.588,20.527,20.454,20.493,20.387,20.448,20.56,20.51,20.409,20.448,20.476,20.37,20.353,20.398,20.465,20.476,20.336,20.314,20.37,20.353,20.353,20.353,20.286,20.202,20.263,20.291,20.286,20.314,20.347,20.398,20.387,20.342,20.364,20.392,20.342,20.286,20.381,20.381,20.258,20.196,20.23,20.336,20.398
20.319,20.381,20.426,20.398,20.398,20.415,20.392,20.347,20.347,20.476,20.549,20.482,20.482,20.493,20.454,20.409,20.504,20.566,20.532,20.504,20.543,20.583,20.583,20.566,20.448,20.532,20.599,20.465,20.482,20.56,20.605,20.599,20.577,20.56,20.549,20.538,20.532,20.521,20.594,20.7,20.566,20.611,20.65,20.515,20.515,20.538,20.532,20.521,20.583,20.504,20.431,20.515,20.527,20.555,20.543,20.487,20.482,20.487,20.504,20.527,20.571,20.454,20.347,20.431,20.465,20.476,20.504,20.543,20.465,20.51,20.538,20.443,20.493,20.521,20.532,20.56,20.499,20.532,20.56,20.493,20.527,20.515,20.487,20.499,20.476,20.487,20.566,20.644,20.577,20.611,20.65,20.599,20.661,20.666,20.577,20.499,20.504,20.532,20.555,20.571,20.605,20.566,20.555,20.633,20.689,20.65,20.594,20.616,20.588,20.633,20.627,20.555,20.655,20.661,20.599,20.616,20.616,20.599,20.599,20.633,20.622,20.627,20.644,20.638,20.571,20.532,20.566,20.622,20.571,20.571,20.577,20.543,20.588,20.594,20.778,21.207,21.993,21.938,21.051,20.532,20.499,20.666,20.739,20.666,20.689,20.711,20.678,20.644,20.627,20.722,20.739,20.599,20.527,20.566,20.611,20.588,20.661,20.616,20.566,20.644,20.594,20.655,20.733,20.711,20.733,20.694,20.711,20.817,20.795,20.912,20.879,20.627,20.678,20.717,20.761,20.862,20.851,20.873,20.945,20.968,20.778,20.689,20.689,20.627,20.56,20.549,20.594,20.638,20.644,20.633,20.599,20.588,20.616,20.594,20.577,20.622,20.583,20.594,20.605,20.571,20.616,20.594,20.465,20.392,20.314,21.007,21.883,22.104,22.12,21.894,21.507,21.207,20.99,20.812,20.733,20.711,20.566,20.594,20.638,20.521,20.532,20.538,20.571,20.638,20.65,20.577,20.527,20.566,20.538,20.527,20.527,20.532,20.644,20.644,20.56,20.56,20.549,20.51,20.527,20.599,20.487,20.588,20.666,20.538,20.644,20.655,20.588,20.599,20.605,20.616,20.566,20.476,20.387,20.431,20.482,20.426,20.415,20.437,20.454,20.465,20.51,20.515,20.51,20.538,20.476,20.476,20.504,20.487,20.437,20.521,20.577,20.487,20.459,20.487,20.527,20.543,20.599,20.616,20.543,20.487,20.471,20.555,20.588,20.499,20.415,20.448,20.493,20.454,20.443,20.403,20.409,20.476,20.448,20.426,20.42,20.426,20.482,20.409,20.308,20.308,20.235,20.246,20.359,20.426,20.303,20.336,20.409,20.325,20.263,20.37,20.431,20.319,20.392,20.398,20.336,20.314,20.258,20.353,20.471
20.476,20.471,20.448,20.471,20.398,20.454,20.487,20.403,20.51,20.493,20.409,20.42,20.331,20.42,20.543,20.521,20.566,20.527,20.499,20.566,20.56,20.56,20.566,20.571,20.549,20.555,20.571,20.566,20.555,20.487,20.51,20.622,20.566,20.56,20.588,20.583,20.627,20.577,20.527,20.56,20.426,20.577,20.678,20.465,20.409,20.448,20.515,20.543,20.571,20.499,20.437,20.482,20.443,20.532,20.555,20.437,20.549,20.521,20.465,20.543,20.51,20.437,20.403,20.437,20.465,20.499,20.515,20.527,20.51,20.515,20.493,20.443,20.521,20.532,20.487,20.487,20.465,20.532,20.566,20.51,20.487,20.499,20.515,20.515,20.471,20.51,20.594,20.616,20.605,20.571,20.594,20.666,20.627,20.594,20.594,20.594,20.566,20.599,20.588,20.51,20.527,20.555,20.594,20.644,20.678,20.65,20.571,20.538,20.543,20.666,20.7,20.599,20.672,20.65,20.577,20.588,20.571,20.56,20.633,20.722,20.661,20.638,20.633,20.594,20.65,20.583,20.504,20.56,20.549,20.577,20.588,20.566,20.588,20.594,20.605,20.75,21.518,21.479,20.812,20.627,20.611,20.672,20.717,20.717,20.605,20.616,20.706,20.706,20.616,20.678,20.706,20.566,20.543,20.594,20.616,20.583,20.633,20.627,20.588,20.599,20.599,20.638,20.689,20.717,20.733,20.717,20.739,20.812,20.756,20.823,20.851,20.711,20.672,20.627,20.745,20.957,20.957,20.845,20.784,20.817,20.666,20.571,20.616,20.655,20.56,20.527,20.605,20.666,20.611,20.633,20.666,20.627,20.638,20.543,20.532,20.672,20.594,20.566,20.605,20.599,20.532,20.633,20.773,20.828,21.062,22.054,22.67,22.252,21.606,21.018,20.767,20.666,20.605,20.622,20.638,20.611,20.599,20.627,20.622,20.566,20.616,20.583,20.543,20.605,20.622,20.566,20.51,20.527,20.532,20.538,20.549,20.566,20.543,20.599,20.616,20.538,20.555,20.566,20.549,20.56,20.611,20.75,20.706,20.476,20.448,20.443,20.482,20.543,20.476,20.515,20.555,20.476,20.398,20.454,20.448,20.308,20.37,20.471,20.465,20.387,20.398,20.392,20.426,20.499,20.387,20.364,20.409,20.398,20.375,20.403,20.454,20.471,20.499,20.426,20.403,20.527,20.577,20.622,20.583,20.51,20.577,20.622,20.583,20.532,20.465,20.431,20.471,20.515,20.504,20.375,20.303,20.375,20.437,20.426,20.415,20.471,20.487,20.415,20.359,20.387,20.297,20.258,20.375,20.51,20.392,20.336,20.37,20.353,20.252,20.286,20.37,20.347,20.331,20.381,20.409,20.347,20.291,20.325,20.375
20.353,20.336,20.37,20.398,20.437,20.521,20.515,20.415,20.42,20.381,20.403,20.515,20.409,20.482,20.588,20.532,20.566,20.521,20.487,20.532,20.504,20.443,20.415,20.443,20.527,20.51,20.426,20.415,20.443,20.504,20.51,20.448,20.398,20.476,20.583,20.588,20.583,20.555,20.499,20.465,20.499,20.471,20.448,20.499,20.465,20.387,20.431,20.56,20.431,20.353,20.403,20.454,20.476,20.42,20.426,20.527,20.465,20.566,20.599,20.426,20.482,20.409,20.353,20.465,20.443,20.465,20.476,20.426,20.375,20.431,20.532,20.555,20.527,20.504,20.471,20.437,20.459,20.459,20.471,20.515,20.499,20.476,20.482,20.521,20.538,20.527,20.527,20.566,20.532,20.56,20.605,20.588,20.543,20.465,20.521,20.678,20.661,20.594,20.566,20.566,20.426,20.443,20.538,20.515,20.476,20.577,20.616,20.493,20.515,20.605,20.616,20.543,20.611,20.678,20.633,20.549,20.549,20.616,20.638,20.599,20.566,20.672,20.661,20.476,20.571,20.655,20.566,20.459,20.543,20.577,20.555,20.56,20.487,20.51,20.622,20.706,20.784,20.728,20.7,20.778,20.666,20.543,20.566,20.672,20.594,20.56,20.655,20.75,20.678,20.594,20.566,20.577,20.611,20.594,20.549,20.549,20.543,20.594,20.627,20.611,20.633,20.611,20.627,20.728,20.823,20.895,20.823,20.689,20.672,20.599,20.594,20.7,20.666,20.689,20.761,20.806,20.834,20.706,20.56,20.571,20.616,20.599,20.594,20.65,20.599,20.538,20.51,20.51,20.476,20.611,20.7,20.599,20.611,20.571,20.56,20.622,20.672,20.633,20.51,20.454,20.521,20.823,21.385,21.899,22.23,21.966,21.357,21.062,20.94,20.773,20.633,20.622,20.588,20.611,20.622,20.599,20.577,20.611,20.661,20.666,20.627,20.549,20.51,20.532,20.56,20.515,20.499,20.577,20.543,20.543,20.56,20.555,20.499,20.549,20.605,20.56,20.549,20.555,20.56,20.571,20.549,20.672,20.678,20.482,20.398,20.375,20.448,20.515,20.37,20.387,20.487,20.443,20.392,20.387,20.387,20.359,20.342,20.415,20.448,20.387,20.375,20.353,20.347,20.375,20.364,20.342,20.325,20.325,20.325,20.403,20.476,20.471,20.482,20.42,20.409,20.504,20.549,20.471,20.426,20.51,20.504,20.504,20.549,20.588,20.448,20.398,20.42,20.387,20.398,20.415,20.359,20.275,20.297,20.291,20.342,20.465,20.409,20.359,20.336,20.314,20.347,20.297,20.297,20.42,20.437,20.331,20.308,20.437,20.443,20.269,20.168,20.286,20.314,20.465,20.448,20.224,20.331,20.319,20.218
20.269,20.347,20.465,20.398,20.398,20.532,20.583,20.465,20.415,20.409,20.431,20.437,20.387,20.56,20.672,20.527,20.493,20.515,20.527,20.493,20.437,20.499,20.465,20.308,20.42,20.566,20.543,20.426,20.387,20.504,20.571,20.476,20.437,20.42,20.415,20.42,20.465,20.504,20.482,20.443,20.387,20.459,20.499,20.409,20.387,20.375,20.37,20.392,20.482,20.426,20.37,20.459,20.465,20.437,20.448,20.499,20.443,20.499,20.532,20.437,20.459,20.364,20.353,20.51,20.515,20.42,20.403,20.504,20.465,20.426,20.443,20.476,20.431,20.476,20.482,20.392,20.426,20.487,20.515,20.521,20.504,20.487,20.465,20.448,20.465,20.577,20.583,20.465,20.515,20.605,20.633,20.627,20.622,20.599,20.566,20.543,20.549,20.532,20.538,20.583,20.543,20.454,20.459,20.566,20.605,20.622,20.611,20.594,20.583,20.633,20.627,20.555,20.555,20.627,20.638,20.549,20.538,20.594,20.616,20.56,20.521,20.594,20.611,20.51,20.583,20.566,20.499,20.527,20.594,20.577,20.51,20.515,20.549,20.493,20.504,20.644,20.655,20.784,20.812,20.661,20.65,20.655,20.644,20.644,20.588,20.611,20.638,20.605,20.627,20.566,20.543,20.638,20.627,20.566,20.51,20.499,20.487,20.588,20.638,20.571,20.616,20.756,20.773,20.65,20.717,20.756,20.706,20.655,20.666,20.622,20.571,20.605,20.722,20.745,20.672,20.672,20.767,20.784,20.666,20.571,20.611,20.605,20.527,20.487,20.56,20.599,20.543,20.482,20.465,20.633,20.728,20.616,20.599,20.532,20.532,20.616,20.476,20.23,20.342,20.839,21.568,22.015,21.949,21.8,21.579,21.257,20.979,20.845,20.789,20.622,20.521,20.594,20.532,20.555,20.622,20.627,20.627,20.555,20.527,20.588,20.499,20.515,20.577,20.549,20.499,20.515,20.566,20.577,20.543,20.538,20.527,20.493,20.471,20.471,20.543,20.627,20.555,20.493,20.493,20.515,20.555,20.566,20.527,20.487,20.482,20.443,20.409,20.426,20.336,20.37,20.42,20.359,20.381,20.443,20.454,20.403,20.314,20.392,20.454,20.347,20.375,20.353,20.331,20.387,20.431,20.398,20.347,20.364,20.381,20.392,20.398,20.415,20.426,20.403,20.403,20.448,20.437,20.437,20.426,20.409,20.415,20.532,20.583,20.493,20.42,20.437,20.437,20.353,20.297,20.448,20.487,20.291,20.319,20.37,20.37,20.353,20.314,20.347,20.359,20.308,20.381,20.392,20.331,20.314,20.331,20.319,20.314,20.342,20.325,20.342,20.359,20.342,20.381,20.437,20.426,20.364,20.269,20.347,20.471
20.359,20.403,20.476,20.459,20.437,20.459,20.487,20.487,20.426,20.487,20.504,20.398,20.454,20.583,20.594,20.487,20.465,20.555,20.588,20.51,20.493,20.487,20.465,20.437,20.476,20.605,20.616,20.493,20.454,20.499,20.521,20.471,20.493,20.403,20.347,20.431,20.448,20.476,20.454,20.392,20.37,20.415,20.443,20.409,20.403,20.459,20.487,20.454,20.538,20.471,20.342,20.364,20.392,20.476,20.521,20.504,20.577,20.543,20.454,20.459,20.465,20.443,20.454,20.51,20.51,20.426,20.431,20.566,20.487,20.465,20.482,20.437,20.415,20.459,20.521,20.527,20.499,20.538,20.577,20.543,20.51,20.504,20.482,20.426,20.443,20.566,20.611,20.527,20.515,20.555,20.599,20.611,20.622,20.627,20.588,20.543,20.571,20.538,20.515,20.571,20.543,20.538,20.56,20.588,20.588,20.588,20.616,20.661,20.616,20.633,20.633,20.577,20.543,20.588,20.616,20.577,20.549,20.527,20.549,20.583,20.521,20.588,20.644,20.577,20.655,20.622,20.504,20.493,20.594,20.627,20.566,20.532,20.543,20.487,20.499,20.633,20.65,20.845,20.89,20.689,20.722,20.722,20.655,20.611,20.594,20.611,20.616,20.599,20.672,20.644,20.566,20.566,20.56,20.532,20.504,20.51,20.515,20.633,20.694,20.638,20.65,20.722,20.733,20.666,20.689,20.694,20.65,20.616,20.694,20.644,20.56,20.616,20.7,20.678,20.627,20.666,20.672,20.7,20.683,20.633,20.711,20.678,20.549,20.51,20.532,20.566,20.555,20.538,20.622,20.661,20.627,20.605,20.583,20.527,20.454,20.437,20.465,21.09,21.667,21.667,21.855,21.922,21.612,21.179,20.767,20.638,20.717,20.672,20.577,20.622,20.65,20.543,20.521,20.538,20.566,20.588,20.633,20.611,20.538,20.515,20.476,20.538,20.616,20.588,20.476,20.527,20.611,20.566,20.555,20.493,20.487,20.56,20.555,20.527,20.532,20.571,20.521,20.532,20.56,20.549,20.538,20.487,20.448,20.459,20.448,20.443,20.437,20.443,20.437,20.426,20.403,20.392,20.409,20.471,20.465,20.403,20.426,20.431,20.392,20.37,20.37,20.347,20.364,20.426,20.465,20.426,20.364,20.364,20.314,20.347,20.398,20.381,20.415,20.448,20.443,20.415,20.319,20.342,20.426,20.437,20.42,20.555,20.633,20.532,20.532,20.471,20.426,20.465,20.342,20.443,20.504,20.331,20.347,20.387,20.364,20.325,20.331,20.347,20.331,20.303,20.364,20.465,20.465,20.364,20.297,20.286,20.286,20.258,20.297,20.426,20.487,20.431,20.437,20.37,20.319,20.353,20.303,20.398,20.515
20.431,20.437,20.454,20.493,20.431,20.381,20.403,20.465,20.454,20.515,20.521,20.437,20.504,20.543,20.499,20.471,20.51,20.566,20.549,20.515,20.571,20.499,20.459,20.56,20.521,20.532,20.56,20.532,20.504,20.471,20.437,20.437,20.471,20.42,20.387,20.459,20.426,20.431,20.415,20.359,20.403,20.37,20.347,20.431,20.448,20.499,20.538,20.527,20.482,20.454,20.42,20.37,20.387,20.459,20.504,20.493,20.549,20.527,20.471,20.482,20.459,20.482,20.493,20.465,20.409,20.443,20.504,20.493,20.443,20.487,20.527,20.476,20.454,20.465,20.538,20.599,20.493,20.493,20.555,20.527,20.482,20.487,20.482,20.431,20.465,20.527,20.594,20.644,20.543,20.51,20.56,20.583,20.538,20.51,20.549,20.611,20.644,20.571,20.51,20.549,20.515,20.571,20.611,20.549,20.527,20.521,20.577,20.65,20.622,20.627,20.622,20.566,20.56,20.583,20.616,20.622,20.571,20.521,20.549,20.622,20.577,20.644,20.678,20.583,20.622,20.661,20.583,20.482,20.527,20.605,20.599,20.555,20.521,20.527,20.577,20.627,20.605,20.683,20.812,20.839,20.828,20.689,20.583,20.616,20.555,20.555,20.622,20.666,20.689,20.694,20.599,20.476,20.476,20.51,20.521,20.538,20.555,20.611,20.694,20.75,20.689,20.622,20.661,20.739,20.706,20.728,20.694,20.583,20.638,20.622,20.577,20.627,20.694,20.689,20.661,20.689,20.633,20.571,20.588,20.661,20.745,20.706,20.611,20.599,20.549,20.515,20.532,20.577,20.65,20.622,20.543,20.549,20.555,20.678,20.884,21.09,21.457,22.153,22.285,21.7,21.201,20.923,20.845,20.706,20.56,20.532,20.577,20.571,20.454,20.594,20.7,20.532,20.538,20.538,20.538,20.56,20.605,20.672,20.638,20.521,20.527,20.555,20.56,20.56,20.527,20.527,20.555,20.571,20.594,20.515,20.487,20.594,20.594,20.571,20.515,20.459,20.521,20.577,20.588,20.577,20.499,20.471,20.471,20.431,20.347,20.392,20.482,20.482,20.493,20.471,20.454,20.471,20.403,20.431,20.431,20.342,20.454,20.454,20.381,20.398,20.375,20.364,20.398,20.437,20.398,20.392,20.409,20.381,20.286,20.353,20.443,20.387,20.387,20.471,20.493,20.392,20.291,20.336,20.471,20.515,20.482,20.538,20.611,20.599,20.616,20.499,20.431,20.515,20.42,20.392,20.398,20.353,20.347,20.353,20.353,20.342,20.325,20.314,20.308,20.314,20.319,20.426,20.482,20.415,20.37,20.314,20.275,20.286,20.392,20.409,20.409,20.471,20.342,20.263,20.275,20.291,20.375,20.381,20.331
20.331,20.431,20.521,20.471,20.347,20.387,20.476,20.448,20.493,20.499,20.465,20.465,20.443,20.51,20.538,20.487,20.56,20.527,20.454,20.482,20.56,20.599,20.532,20.454,20.415,20.454,20.51,20.51,20.443,20.443,20.465,20.431,20.403,20.415,20.381,20.314,20.342,20.375,20.392,20.398,20.387,20.375,20.381,20.398,20.42,20.448,20.42,20.375,20.387,20.471,20.538,20.515,20.459,20.42,20.426,20.426,20.308,20.387,20.532,20.504,20.437,20.387,20.409,20.448,20.359,20.42,20.476,20.392,20.459,20.471,20.454,20.499,20.454,20.476,20.51,20.476,20.375,20.392,20.476,20.482,20.454,20.459,20.443,20.403,20.459,20.538,20.594,20.616,20.577,20.571,20.605,20.616,20.515,20.482,20.532,20.566,20.605,20.56,20.515,20.56,20.605,20.532,20.465,20.538,20.627,20.543,20.487,20.633,20.672,20.678,20.616,20.538,20.56,20.599,20.627,20.65,20.605,20.599,20.622,20.611,20.622,20.661,20.633,20.549,20.504,20.549,20.611,20.594,20.499,20.487,20.532,20.538,20.577,20.588,20.588,20.611,20.543,20.543,20.711,20.884,20.862,20.661,20.566,20.65,20.499,20.532,20.638,20.605,20.588,20.638,20.627,20.527,20.476,20.493,20.532,20.532,20.527,20.504,20.605,20.773,20.678,20.661,20.728,20.739,20.655,20.711,20.722,20.566,20.515,20.605,20.627,20.543,20.773,20.839,20.694,20.633,20.666,20.605,20.566,20.65,20.666,20.672,20.616,20.549,20.571,20.571,20.555,20.56,20.465,20.527,20.638,20.633,20.678,20.962,21.606,22.219,22.582,21.955,21.051,20.901,20.812,20.733,20.672,20.661,20.616,20.56,20.56,20.605,20.527,20.482,20.527,20.583,20.532,20.527,20.583,20.611,20.605,20.638,20.622,20.549,20.521,20.521,20.51,20.493,20.56,20.51,20.476,20.594,20.638,20.605,20.527,20.499,20.504,20.504,20.465,20.437,20.543,20.532,20.471,20.515,20.476,20.471,20.476,20.448,20.364,20.415,20.476,20.42,20.398,20.437,20.482,20.465,20.353,20.415,20.448,20.308,20.325,20.431,20.454,20.381,20.398,20.398,20.398,20.426,20.336,20.375,20.471,20.465,20.426,20.431,20.431,20.387,20.308,20.426,20.499,20.37,20.314,20.454,20.566,20.493,20.482,20.538,20.56,20.527,20.532,20.549,20.493,20.398,20.387,20.375,20.353,20.359,20.359,20.398,20.387,20.308,20.218,20.258,20.347,20.347,20.319,20.336,20.347,20.325,20.403,20.403,20.342,20.353,20.426,20.342,20.325,20.465,20.246,20.213,20.347,20.375,20.37,20.325,20.286
20.364,20.375,20.409,20.459,20.398,20.443,20.482,20.409,20.409,20.465,20.515,20.521,20.482,20.448,20.437,20.431,20.487,20.487,20.482,20.543,20.543,20.527,20.527,20.538,20.459,20.459,20.51,20.51,20.448,20.493,20.465,20.303,20.275,20.331,20.331,20.258,20.347,20.392,20.403,20.454,20.392,20.314,20.347,20.448,20.409,20.482,20.499,20.37,20.392,20.454,20.443,20.381,20.353,20.359,20.364,20.342,20.319,20.459,20.555,20.471,20.415,20.426,20.454,20.431,20.392,20.375,20.37,20.364,20.42,20.431,20.403,20.409,20.454,20.437,20.426,20.487,20.493,20.454,20.426,20.454,20.459,20.482,20.454,20.403,20.51,20.543,20.521,20.56,20.571,20.583,20.588,20.577,20.543,20.555,20.599,20.616,20.549,20.431,20.471,20.627,20.56,20.543,20.594,20.616,20.605,20.51,20.482,20.577,20.655,20.622,20.549,20.571,20.622,20.627,20.588,20.56,20.577,20.599,20.588,20.577,20.611,20.638,20.622,20.588,20.493,20.521,20.594,20.566,20.493,20.499,20.555,20.571,20.577,20.549,20.555,20.611,20.577,20.543,20.672,20.884,20.94,20.711,20.499,20.555,20.543,20.521,20.51,20.532,20.605,20.638,20.588,20.543,20.532,20.521,20.51,20.51,20.499,20.499,20.566,20.655,20.588,20.577,20.661,20.711,20.638,20.706,20.644,20.392,20.426,20.583,20.638,20.566,20.65,20.711,20.711,20.7,20.583,20.482,20.532,20.655,20.644,20.622,20.588,20.549,20.521,20.532,20.577,20.583,20.331,20.218,20.711,21.418,21.706,21.745,21.645,21.601,21.595,21.218,20.789,20.722,20.627,20.616,20.65,20.638,20.51,20.543,20.611,20.532,20.448,20.543,20.599,20.499,20.577,20.594,20.56,20.594,20.711,20.611,20.471,20.515,20.448,20.476,20.543,20.538,20.504,20.499,20.515,20.532,20.594,20.583,20.499,20.459,20.448,20.555,20.555,20.398,20.392,20.465,20.538,20.543,20.459,20.471,20.499,20.443,20.459,20.459,20.415,20.381,20.443,20.342,20.303,20.459,20.409,20.387,20.381,20.342,20.331,20.398,20.415,20.331,20.375,20.364,20.364,20.437,20.398,20.403,20.431,20.42,20.392,20.437,20.415,20.297,20.297,20.387,20.454,20.437,20.319,20.431,20.555,20.448,20.359,20.549,20.661,20.476,20.437,20.493,20.459,20.325,20.364,20.403,20.364,20.314,20.314,20.381,20.398,20.336,20.303,20.275,20.297,20.342,20.359,20.286,20.258,20.342,20.319,20.359,20.37,20.308,20.342,20.252,20.28,20.499,20.476,20.409,20.364,20.347,20.342,20.303,20.263
20.426,20.448,20.448,20.431,20.387,20.409,20.448,20.431,20.42,20.493,20.538,20.499,20.504,20.487,20.465,20.465,20.403,20.459,20.543,20.538,20.51,20.493,20.459,20.426,20.571,20.583,20.459,20.415,20.426,20.56,20.521,20.286,20.213,20.364,20.443,20.303,20.325,20.375,20.403,20.42,20.398,20.364,20.392,20.471,20.476,20.543,20.504,20.364,20.431,20.476,20.448,20.415,20.364,20.409,20.487,20.487,20.471,20.499,20.499,20.454,20.387,20.487,20.543,20.426,20.415,20.403,20.403,20.437,20.415,20.465,20.482,20.415,20.487,20.454,20.431,20.538,20.51,20.499,20.487,20.454,20.459,20.42,20.403,20.471,20.476,20.499,20.555,20.605,20.549,20.594,20.666,20.633,20.594,20.571,20.555,20.538,20.577,20.538,20.51,20.571,20.487,20.566,20.666,20.605,20.549,20.543,20.571,20.583,20.611,20.599,20.594,20.633,20.65,20.7,20.666,20.571,20.566,20.633,20.594,20.459,20.56,20.638,20.588,20.527,20.532,20.588,20.599,20.549,20.493,20.543,20.616,20.594,20.521,20.588,20.661,20.611,20.611,20.683,20.728,20.728,20.923,20.784,20.532,20.571,20.577,20.605,20.605,20.583,20.611,20.638,20.616,20.577,20.515,20.566,20.622,20.577,20.566,20.555,20.521,20.499,20.543,20.56,20.599,20.678,20.599,20.644,20.644,20.51,20.566,20.633,20.661,20.666,20.65,20.65,20.678,20.7,20.611,20.605,20.616,20.566,20.588,20.633,20.605,20.527,20.493,20.426,20.426,20.594,21.029,21.479,21.656,21.673,21.723,21.584,21.213,20.89,20.761,20.7,20.655,20.611,20.622,20.599,20.549,20.532,20.499,20.583,20.611,20.515,20.487,20.616,20.616,20.437,20.493,20.588,20.588,20.555,20.638,20.527,20.426,20.532,20.532,20.543,20.532,20.493,20.476,20.521,20.555,20.532,20.599,20.521,20.504,20.65,20.515,20.504,20.538,20.454,20.487,20.515,20.476,20.454,20.521,20.56,20.499,20.443,20.448,20.482,20.431,20.336,20.454,20.426,20.375,20.476,20.471,20.521,20.454,20.286,20.353,20.42,20.409,20.392,20.403,20.364,20.364,20.448,20.51,20.471,20.403,20.415,20.381,20.387,20.409,20.409,20.392,20.42,20.437,20.403,20.331,20.42,20.521,20.465,20.415,20.532,20.577,20.448,20.487,20.499,20.437,20.387,20.415,20.364,20.37,20.493,20.381,20.375,20.415,20.37,20.387,20.353,20.325,20.37,20.459,20.331,20.258,20.437,20.415,20.387,20.364,20.331,20.263,20.286,20.353,20.375,20.471,20.459,20.347,20.297,20.325,20.375,20.387
20.42,20.515,20.527,20.392,20.364,20.415,20.454,20.437,20.443,20.493,20.493,20.437,20.465,20.51,20.515,20.493,20.443,20.487,20.538,20.504,20.487,20.504,20.448,20.353,20.543,20.583,20.459,20.437,20.426,20.532,20.51,20.319,20.258,20.37,20.437,20.336,20.314,20.359,20.381,20.353,20.403,20.437,20.426,20.431,20.459,20.471,20.431,20.387,20.415,20.448,20.482,20.504,20.415,20.437,20.549,20.577,20.538,20.443,20.415,20.471,20.415,20.471,20.504,20.415,20.431,20.459,20.471,20.471,20.409,20.443,20.499,20.487,20.532,20.504,20.476,20.51,20.454,20.487,20.515,20.459,20.471,20.364,20.342,20.487,20.448,20.471,20.577,20.638,20.571,20.638,20.717,20.65,20.588,20.538,20.504,20.493,20.622,20.655,20.555,20.487,20.476,20.588,20.633,20.543,20.515,20.566,20.599,20.583,20.577,20.611,20.633,20.622,20.627,20.7,20.694,20.605,20.577,20.605,20.577,20.493,20.555,20.622,20.571,20.493,20.605,20.65,20.588,20.549,20.487,20.549,20.616,20.56,20.504,20.588,20.661,20.611,20.627,20.739,20.739,20.638,20.884,20.778,20.543,20.633,20.611,20.65,20.689,20.65,20.543,20.588,20.638,20.543,20.487,20.571,20.644,20.588,20.583,20.56,20.499,20.454,20.543,20.577,20.577,20.627,20.588,20.594,20.627,20.638,20.622,20.622,20.65,20.678,20.672,20.599,20.599,20.689,20.666,20.728,20.689,20.521,20.594,20.599,20.555,20.583,20.655,20.856,21.107,21.335,21.866,22.269,21.899,21.213,20.968,20.834,20.773,20.728,20.633,20.65,20.672,20.588,20.605,20.577,20.504,20.476,20.532,20.56,20.56,20.583,20.566,20.594,20.566,20.454,20.437,20.538,20.622,20.594,20.566,20.493,20.465,20.532,20.616,20.605,20.504,20.459,20.521,20.56,20.532,20.521,20.543,20.482,20.515,20.678,20.566,20.443,20.437,20.487,20.616,20.555,20.381,20.37,20.538,20.566,20.476,20.476,20.426,20.454,20.437,20.336,20.403,20.493,20.499,20.459,20.443,20.521,20.487,20.319,20.381,20.437,20.42,20.415,20.375,20.392,20.415,20.403,20.493,20.454,20.375,20.415,20.392,20.37,20.415,20.493,20.487,20.437,20.381,20.364,20.359,20.398,20.454,20.482,20.482,20.476,20.471,20.482,20.56,20.515,20.443,20.471,20.415,20.314,20.375,20.549,20.431,20.342,20.342,20.347,20.387,20.398,20.364,20.353,20.459,20.375,20.28,20.387,20.459,20.415,20.342,20.347,20.314,20.381,20.381,20.275,20.359,20.364,20.303,20.303,20.319,20.375,20.409
20.375,20.454,20.465,20.381,20.42,20.521,20.499,20.381,20.392,20.431,20.448,20.448,20.426,20.443,20.454,20.437,20.555,20.549,20.493,20.538,20.499,20.499,20.527,20.527,20.415,20.437,20.566,20.588,20.459,20.443,20.415,20.286,20.297,20.263,20.235,20.297,20.359,20.398,20.375,20.359,20.415,20.42,20.387,20.392,20.342,20.347,20.415,20.448,20.375,20.37,20.431,20.448,20.37,20.359,20.409,20.431,20.465,20.42,20.409,20.487,20.482,20.415,20.37,20.403,20.465,20.465,20.415,20.403,20.387,20.347,20.375,20.482,20.521,20.515,20.465,20.431,20.482,20.482,20.437,20.443,20.499,20.431,20.364,20.437,20.51,20.493,20.482,20.56,20.599,20.678,20.661,20.56,20.555,20.555,20.566,20.605,20.571,20.549,20.527,20.515,20.538,20.611,20.622,20.555,20.538,20.543,20.532,20.527,20.599,20.599,20.549,20.56,20.611,20.633,20.583,20.538,20.577,20.51,20.515,20.661,20.611,20.566,20.571,20.577,20.655,20.638,20.56,20.532,20.476,20.532,20.577,20.521,20.543,20.499,20.499,20.605,20.65,20.655,20.655,20.711,20.901,20.706,20.476,20.605,20.661,20.588,20.538,20.605,20.476,20.549,20.605,20.465,20.543,20.538,20.471,20.482,20.465,20.499,20.538,20.532,20.532,20.549,20.566,20.571,20.605,20.605,20.555,20.499,20.426,20.515,20.616,20.583,20.583,20.504,20.555,20.739,20.655,20.633,20.644,20.594,20.672,20.566,20.549,20.828,20.996,21.634,22.258,22.296,21.861,21.229,20.906,20.895,20.812,20.683,20.666,20.739,20.527,20.616,20.778,20.65,20.487,20.532,20.627,20.549,20.493,20.465,20.527,20.611,20.521,20.538,20.571,20.504,20.532,20.549,20.599,20.689,20.678,20.549,20.454,20.482,20.543,20.549,20.515,20.527,20.555,20.555,20.493,20.437,20.42,20.482,20.499,20.431,20.51,20.493,20.42,20.431,20.515,20.487,20.415,20.426,20.448,20.443,20.459,20.521,20.487,20.42,20.387,20.392,20.381,20.387,20.403,20.403,20.364,20.308,20.364,20.487,20.403,20.392,20.398,20.325,20.286,20.403,20.459,20.353,20.381,20.353,20.325,20.381,20.392,20.415,20.403,20.364,20.476,20.398,20.314,20.431,20.381,20.353,20.398,20.431,20.387,20.437,20.527,20.527,20.51,20.476,20.454,20.448,20.325,20.342,20.392,20.331,20.359,20.297,20.246,20.314,20.37,20.381,20.325,20.28,20.353,20.347,20.252,20.213,20.291,20.381,20.353,20.286,20.42,20.392,20.291,20.342,20.448,20.381,20.297,20.37,20.314,20.275,20.275
20.381,20.381,20.426,20.471,20.409,20.42,20.448,20.415,20.465,20.459,20.431,20.476,20.493,20.465,20.392,20.37,20.443,20.605,20.611,20.465,20.487,20.476,20.515,20.611,20.431,20.431,20.538,20.493,20.403,20.409,20.42,20.347,20.331,20.331,20.314,20.291,20.331,20.375,20.381,20.37,20.37,20.454,20.443,20.303,20.291,20.398,20.482,20.459,20.364,20.431,20.482,20.387,20.426,20.431,20.387,20.381,20.42,20.487,20.471,20.409,20.476,20.415,20.347,20.426,20.499,20.459,20.364,20.37,20.431,20.448,20.415,20.403,20.353,20.431,20.493,20.431,20.448,20.504,20.504,20.459,20.454,20.454,20.454,20.459,20.387,20.375,20.431,20.465,20.415,20.549,20.666,20.588,20.566,20.538,20.555,20.594,20.532,20.515,20.499,20.454,20.532,20.549,20.521,20.56,20.633,20.661,20.577,20.499,20.571,20.588,20.571,20.611,20.566,20.577,20.571,20.515,20.549,20.532,20.515,20.577,20.611,20.588,20.515,20.487,20.543,20.577,20.549,20.527,20.487,20.583,20.633,20.521,20.426,20.51,20.605,20.549,20.555,20.644,20.633,20.532,20.756,20.683,20.504,20.605,20.616,20.56,20.538,20.588,20.538,20.627,20.638,20.476,20.566,20.487,20.364,20.426,20.409,20.493,20.616,20.655,20.611,20.583,20.571,20.555,20.504,20.583,20.611,20.499,20.459,20.538,20.622,20.622,20.605,20.616,20.638,20.633,20.672,20.633,20.437,20.263,20.241,20.756,21.418,21.684,21.8,21.861,21.728,21.451,21.124,20.879,20.778,20.717,20.694,20.555,20.504,20.638,20.549,20.622,20.672,20.549,20.566,20.622,20.588,20.499,20.499,20.515,20.482,20.426,20.403,20.515,20.622,20.605,20.605,20.583,20.605,20.661,20.543,20.487,20.538,20.555,20.532,20.521,20.521,20.515,20.515,20.443,20.387,20.415,20.459,20.437,20.459,20.566,20.521,20.443,20.392,20.392,20.51,20.42,20.347,20.493,20.471,20.392,20.387,20.459,20.437,20.426,20.426,20.403,20.364,20.381,20.398,20.375,20.359,20.353,20.364,20.381,20.375,20.331,20.353,20.443,20.359,20.387,20.437,20.375,20.319,20.28,20.314,20.381,20.353,20.347,20.364,20.381,20.398,20.459,20.476,20.426,20.331,20.308,20.342,20.353,20.443,20.403,20.415,20.566,20.487,20.459,20.465,20.437,20.431,20.392,20.347,20.336,20.336,20.398,20.403,20.331,20.308,20.398,20.403,20.291,20.398,20.392,20.303,20.319,20.342,20.37,20.336,20.28,20.359,20.353,20.303,20.342,20.403,20.454,20.459,20.448,20.353,20.331,20.364
20.381,20.454,20.493,20.415,20.426,20.381,20.387,20.482,20.476,20.403,20.392,20.487,20.482,20.504,20.493,20.443,20.51,20.566,20.543,20.515,20.56,20.555,20.527,20.543,20.499,20.521,20.571,20.56,20.437,20.415,20.426,20.364,20.336,20.303,20.353,20.454,20.37,20.314,20.359,20.415,20.448,20.426,20.403,20.437,20.375,20.448,20.515,20.443,20.347,20.42,20.493,20.426,20.471,20.459,20.415,20.42,20.431,20.543,20.555,20.426,20.487,20.493,20.448,20.454,20.443,20.415,20.415,20.448,20.465,20.521,20.499,20.415,20.431,20.409,20.409,20.482,20.471,20.521,20.521,20.437,20.459,20.487,20.471,20.454,20.443,20.493,20.51,20.448,20.409,20.532,20.627,20.555,20.482,20.521,20.583,20.538,20.493,20.493,20.527,20.538,20.538,20.583,20.555,20.487,20.672,20.7,20.594,20.594,20.605,20.622,20.616,20.605,20.605,20.605,20.583,20.56,20.566,20.616,20.583,20.493,20.594,20.616,20.549,20.543,20.571,20.571,20.527,20.493,20.476,20.538,20.583,20.549,20.515,20.566,20.616,20.588,20.571,20.627,20.588,20.465,20.605,20.745,20.672,20.521,20.515,20.627,20.666,20.594,20.543,20.583,20.594,20.527,20.594,20.549,20.482,20.532,20.504,20.566,20.633,20.616,20.577,20.599,20.627,20.599,20.532,20.51,20.571,20.638,20.605,20.605,20.599,20.566,20.611,20.683,20.627,20.51,20.638,20.577,20.689,21.162,21.623,21.833,21.706,21.584,21.523,21.362,21.035,20.728,20.611,20.638,20.672,20.627,20.633,20.566,20.532,20.588,20.571,20.588,20.594,20.566,20.611,20.599,20.555,20.549,20.499,20.515,20.504,20.426,20.504,20.521,20.532,20.605,20.527,20.555,20.627,20.611,20.611,20.594,20.566,20.549,20.471,20.521,20.549,20.454,20.392,20.403,20.409,20.375,20.471,20.476,20.448,20.51,20.51,20.443,20.415,20.465,20.459,20.415,20.437,20.532,20.51,20.454,20.42,20.42,20.403,20.459,20.487,20.443,20.448,20.42,20.403,20.437,20.37,20.431,20.437,20.314,20.398,20.381,20.364,20.465,20.398,20.387,20.415,20.398,20.403,20.37,20.359,20.403,20.381,20.353,20.359,20.387,20.392,20.426,20.443,20.426,20.392,20.381,20.375,20.375,20.409,20.515,20.56,20.504,20.504,20.482,20.471,20.493,20.426,20.403,20.398,20.347,20.224,20.336,20.459,20.353,20.336,20.392,20.392,20.314,20.336,20.336,20.314,20.325,20.342,20.375,20.37,20.331,20.297,20.319,20.353,20.347,20.314,20.387,20.443,20.392,20.353,20.325,20.325
20.437,20.51,20.482,20.314,20.42,20.443,20.409,20.454,20.431,20.392,20.42,20.499,20.454,20.51,20.571,20.538,20.577,20.527,20.476,20.527,20.532,20.566,20.538,20.465,20.482,20.543,20.583,20.571,20.443,20.415,20.42,20.336,20.291,20.224,20.325,20.527,20.398,20.314,20.37,20.426,20.465,20.364,20.37,20.543,20.459,20.437,20.465,20.443,20.398,20.392,20.437,20.482,20.465,20.42,20.426,20.487,20.504,20.571,20.549,20.443,20.487,20.532,20.515,20.471,20.415,20.443,20.499,20.493,20.459,20.471,20.487,20.471,20.56,20.465,20.364,20.448,20.482,20.521,20.499,20.443,20.487,20.482,20.426,20.431,20.538,20.599,20.566,20.532,20.515,20.605,20.616,20.504,20.443,20.538,20.599,20.504,20.504,20.532,20.571,20.594,20.515,20.599,20.638,20.521,20.666,20.638,20.566,20.666,20.65,20.627,20.599,20.583,20.638,20.622,20.571,20.583,20.566,20.633,20.644,20.543,20.555,20.594,20.622,20.633,20.605,20.583,20.532,20.476,20.454,20.515,20.56,20.543,20.622,20.588,20.549,20.622,20.622,20.588,20.555,20.543,20.577,20.75,20.862,20.784,20.588,20.605,20.7,20.611,20.543,20.527,20.555,20.577,20.555,20.599,20.644,20.638,20.622,20.627,20.599,20.543,20.543,20.605,20.644,20.627,20.65,20.538,20.515,20.666,20.65,20.638,20.577,20.482,20.504,20.571,20.655,20.761,20.945,21.185,21.579,22.021,22.456,22.048,21.201,20.901,20.739,20.756,20.773,20.661,20.583,20.56,20.583,20.599,20.627,20.633,20.611,20.611,20.56,20.583,20.655,20.661,20.571,20.538,20.588,20.616,20.515,20.476,20.527,20.56,20.594,20.543,20.499,20.532,20.493,20.521,20.583,20.594,20.661,20.655,20.555,20.493,20.454,20.482,20.504,20.471,20.347,20.443,20.51,20.375,20.454,20.476,20.415,20.398,20.454,20.471,20.459,20.482,20.392,20.437,20.538,20.527,20.532,20.493,20.443,20.431,20.431,20.431,20.443,20.465,20.482,20.415,20.398,20.482,20.409,20.459,20.471,20.342,20.431,20.409,20.347,20.392,20.37,20.359,20.375,20.398,20.448,20.426,20.387,20.426,20.443,20.42,20.392,20.403,20.42,20.375,20.364,20.437,20.437,20.454,20.459,20.431,20.347,20.527,20.644,20.476,20.51,20.515,20.504,20.515,20.398,20.42,20.459,20.353,20.224,20.275,20.387,20.364,20.359,20.347,20.319,20.291,20.263,20.269,20.291,20.291,20.336,20.37,20.375,20.381,20.291,20.308,20.37,20.347,20.286,20.319,20.359,20.319,20.347,20.331,20.297
20.527,20.409,20.342,20.37,20.387,20.476,20.471,20.364,20.426,20.487,20.504,20.527,20.51,20.487,20.487,20.504,20.459,20.577,20.594,20.398,20.392,20.454,20.504,20.499,20.387,20.465,20.515,20.375,20.325,20.392,20.431,20.359,20.252,20.246,20.347,20.403,20.342,20.375,20.431,20.398,20.353,20.381,20.42,20.409,20.443,20.42,20.415,20.476,20.499,20.443,20.409,20.459,20.454,20.415,20.426,20.504,20.555,20.571,20.487,20.392,20.459,20.476,20.454,20.482,20.482,20.521,20.51,20.437,20.465,20.431,20.415,20.471,20.459,20.493,20.459,20.364,20.448,20.527,20.527,20.504,20.471,20.443,20.426,20.431,20.482,20.482,20.51,20.594,20.504,20.611,20.678,20.527,20.532,20.583,20.571,20.515,20.56,20.594,20.555,20.504,20.482,20.51,20.605,20.694,20.694,20.616,20.566,20.605,20.638,20.577,20.555,20.638,20.594,20.555,20.555,20.549,20.521,20.577,20.644,20.633,20.527,20.56,20.633,20.583,20.515,20.549,20.571,20.504,20.459,20.611,20.672,20.51,20.515,20.555,20.566,20.571,20.588,20.588,20.571,20.583,20.638,20.655,20.918,21.268,20.784,20.499,20.588,20.616,20.605,20.599,20.605,20.611,20.487,20.549,20.655,20.605,20.616,20.611,20.599,20.616,20.627,20.627,20.611,20.605,20.672,20.661,20.577,20.538,20.566,20.627,20.616,20.566,20.543,20.65,20.957,21.29,21.501,22.098,22.208,21.584,21.185,20.929,20.856,20.817,20.733,20.717,20.706,20.638,20.555,20.594,20.633,20.577,20.644,20.622,20.577,20.633,20.566,20.644,20.739,20.672,20.56,20.571,20.627,20.583,20.549,20.493,20.504,20.571,20.459,20.555,20.638,20.527,20.599,20.555,20.51,20.605,20.504,20.532,20.577,20.499,20.515,20.42,20.409,20.543,20.403,20.459,20.538,20.42,20.459,20.392,20.37,20.499,20.42,20.443,20.465,20.381,20.398,20.448,20.493,20.521,20.538,20.431,20.359,20.42,20.448,20.359,20.331,20.443,20.398,20.375,20.409,20.443,20.459,20.482,20.443,20.37,20.409,20.353,20.303,20.375,20.353,20.319,20.347,20.403,20.364,20.342,20.375,20.415,20.471,20.448,20.415,20.454,20.409,20.426,20.459,20.437,20.375,20.426,20.476,20.426,20.375,20.353,20.448,20.566,20.487,20.51,20.549,20.482,20.471,20.459,20.426,20.392,20.387,20.381,20.375,20.37,20.308,20.314,20.319,20.269,20.325,20.319,20.303,20.364,20.398,20.353,20.331,20.387,20.303,20.308,20.359,20.331,20.331,20.392,20.409,20.359,20.375,20.42,20.437
20.504,20.392,20.342,20.454,20.398,20.471,20.482,20.342,20.387,20.437,20.448,20.465,20.426,20.426,20.431,20.415,20.426,20.504,20.543,20.51,20.476,20.476,20.431,20.347,20.308,20.499,20.56,20.359,20.325,20.375,20.409,20.364,20.263,20.303,20.403,20.398,20.336,20.314,20.347,20.37,20.331,20.353,20.364,20.336,20.465,20.437,20.37,20.454,20.454,20.426,20.409,20.415,20.42,20.42,20.431,20.465,20.465,20.459,20.454,20.448,20.487,20.42,20.392,20.493,20.431,20.437,20.465,20.431,20.375,20.409,20.487,20.51,20.448,20.426,20.448,20.471,20.51,20.549,20.493,20.398,20.431,20.493,20.476,20.409,20.398,20.437,20.482,20.493,20.454,20.633,20.711,20.538,20.588,20.633,20.56,20.471,20.521,20.51,20.482,20.532,20.583,20.583,20.571,20.611,20.706,20.605,20.493,20.571,20.588,20.616,20.672,20.706,20.549,20.532,20.605,20.583,20.521,20.521,20.577,20.599,20.487,20.515,20.605,20.577,20.571,20.56,20.527,20.499,20.487,20.549,20.611,20.594,20.504,20.51,20.616,20.666,20.627,20.599,20.611,20.622,20.616,20.583,20.745,20.99,20.756,20.555,20.543,20.566,20.566,20.571,20.605,20.644,20.566,20.583,20.644,20.622,20.571,20.566,20.622,20.672,20.594,20.599,20.644,20.611,20.599,20.605,20.638,20.678,20.638,20.392,20.353,20.75,21.473,21.993,22.043,21.982,21.728,21.601,21.479,21.19,20.951,20.717,20.605,20.627,20.7,20.694,20.627,20.616,20.594,20.627,20.611,20.532,20.56,20.616,20.633,20.627,20.633,20.672,20.689,20.666,20.577,20.577,20.605,20.543,20.465,20.443,20.499,20.543,20.398,20.555,20.678,20.493,20.521,20.549,20.56,20.599,20.549,20.555,20.504,20.398,20.532,20.566,20.471,20.443,20.398,20.431,20.443,20.387,20.392,20.443,20.471,20.454,20.392,20.426,20.471,20.426,20.387,20.409,20.454,20.476,20.465,20.437,20.375,20.336,20.443,20.431,20.387,20.459,20.398,20.392,20.398,20.353,20.403,20.493,20.493,20.437,20.454,20.504,20.431,20.291,20.303,20.291,20.336,20.459,20.392,20.381,20.381,20.336,20.448,20.409,20.342,20.426,20.375,20.454,20.476,20.364,20.448,20.431,20.392,20.448,20.415,20.314,20.392,20.599,20.459,20.482,20.571,20.504,20.431,20.347,20.347,20.415,20.42,20.42,20.353,20.258,20.269,20.336,20.353,20.314,20.359,20.347,20.319,20.342,20.331,20.409,20.459,20.387,20.314,20.319,20.336,20.314,20.347,20.42,20.42,20.347,20.364,20.409,20.426
20.359,20.409,20.504,20.476,20.415,20.431,20.459,20.431,20.482,20.465,20.415,20.42,20.353,20.364,20.426,20.443,20.443,20.448,20.465,20.482,20.493,20.415,20.336,20.347,20.347,20.387,20.42,20.403,20.342,20.359,20.409,20.387,20.252,20.342,20.443,20.319,20.241,20.291,20.359,20.331,20.353,20.403,20.448,20.476,20.482,20.465,20.437,20.437,20.437,20.454,20.443,20.409,20.347,20.415,20.515,20.515,20.493,20.482,20.487,20.487,20.487,20.409,20.398,20.499,20.443,20.443,20.499,20.521,20.504,20.443,20.454,20.532,20.459,20.431,20.493,20.538,20.499,20.504,20.471,20.375,20.415,20.487,20.465,20.387,20.398,20.465,20.521,20.527,20.487,20.577,20.666,20.627,20.622,20.616,20.549,20.482,20.515,20.538,20.515,20.51,20.538,20.588,20.599,20.583,20.644,20.633,20.577,20.566,20.555,20.56,20.616,20.666,20.588,20.571,20.627,20.644,20.543,20.532,20.583,20.577,20.577,20.571,20.594,20.638,20.594,20.549,20.515,20.482,20.431,20.521,20.599,20.543,20.56,20.555,20.577,20.638,20.638,20.611,20.577,20.571,20.566,20.599,20.644,20.661,20.661,20.588,20.527,20.543,20.543,20.515,20.543,20.616,20.571,20.566,20.611,20.616,20.571,20.571,20.599,20.611,20.56,20.644,20.689,20.577,20.538,20.56,20.566,20.527,20.409,20.812,21.623,22.142,22.318,22.258,21.982,21.7,21.468,20.996,20.706,20.789,20.689,20.683,20.65,20.532,20.571,20.616,20.622,20.616,20.611,20.611,20.577,20.549,20.583,20.655,20.672,20.622,20.622,20.588,20.577,20.633,20.588,20.594,20.594,20.538,20.543,20.504,20.476,20.515,20.431,20.515,20.611,20.549,20.549,20.543,20.538,20.555,20.499,20.532,20.56,20.499,20.459,20.493,20.471,20.375,20.392,20.426,20.415,20.387,20.415,20.482,20.487,20.437,20.431,20.398,20.381,20.415,20.437,20.471,20.471,20.443,20.426,20.443,20.443,20.415,20.431,20.454,20.448,20.426,20.415,20.437,20.426,20.37,20.353,20.437,20.459,20.387,20.437,20.437,20.353,20.308,20.325,20.375,20.37,20.331,20.431,20.465,20.392,20.359,20.37,20.353,20.336,20.37,20.415,20.42,20.409,20.437,20.465,20.387,20.342,20.42,20.331,20.319,20.431,20.515,20.476,20.476,20.515,20.51,20.476,20.403,20.375,20.403,20.42,20.37,20.308,20.319,20.303,20.331,20.342,20.314,20.359,20.347,20.319,20.347,20.297,20.336,20.392,20.375,20.398,20.331,20.297,20.364,20.319,20.42,20.443,20.308,20.415,20.415,20.336
20.347,20.437,20.543,20.448,20.42,20.392,20.42,20.482,20.504,20.459,20.403,20.403,20.359,20.359,20.409,20.448,20.403,20.431,20.437,20.353,20.387,20.347,20.325,20.398,20.42,20.297,20.252,20.387,20.336,20.353,20.409,20.381,20.269,20.325,20.375,20.269,20.246,20.347,20.392,20.303,20.353,20.392,20.448,20.532,20.443,20.437,20.471,20.437,20.431,20.482,20.51,20.471,20.375,20.415,20.521,20.549,20.51,20.532,20.549,20.487,20.482,20.454,20.426,20.443,20.443,20.487,20.515,20.515,20.588,20.515,20.437,20.504,20.465,20.465,20.487,20.471,20.392,20.437,20.499,20.454,20.448,20.448,20.426,20.403,20.459,20.487,20.493,20.538,20.566,20.549,20.566,20.644,20.605,20.56,20.532,20.521,20.515,20.555,20.571,20.527,20.51,20.566,20.611,20.599,20.605,20.605,20.605,20.611,20.611,20.549,20.527,20.588,20.644,20.616,20.599,20.65,20.549,20.566,20.616,20.577,20.65,20.633,20.605,20.661,20.583,20.51,20.51,20.521,20.454,20.527,20.566,20.476,20.588,20.56,20.487,20.56,20.594,20.616,20.571,20.51,20.532,20.616,20.633,20.583,20.638,20.605,20.543,20.583,20.594,20.588,20.577,20.566,20.555,20.571,20.599,20.605,20.583,20.555,20.549,20.577,20.638,20.672,20.588,20.487,20.515,20.75,20.918,20.906,21.012,21.739,22.461,22.472,21.971,21.374,21.057,20.94,20.94,20.739,20.56,20.616,20.555,20.644,20.689,20.56,20.51,20.543,20.599,20.611,20.594,20.56,20.56,20.588,20.611,20.65,20.638,20.583,20.527,20.493,20.527,20.588,20.583,20.588,20.583,20.56,20.644,20.583,20.476,20.51,20.521,20.499,20.504,20.56,20.566,20.521,20.493,20.499,20.443,20.487,20.583,20.588,20.398,20.364,20.431,20.403,20.415,20.437,20.448,20.459,20.493,20.499,20.465,20.454,20.431,20.403,20.392,20.415,20.454,20.499,20.487,20.448,20.415,20.415,20.448,20.476,20.409,20.415,20.426,20.375,20.42,20.409,20.392,20.437,20.381,20.37,20.375,20.342,20.387,20.359,20.303,20.325,20.364,20.448,20.392,20.258,20.403,20.454,20.398,20.403,20.319,20.314,20.359,20.37,20.476,20.403,20.347,20.471,20.415,20.375,20.364,20.331,20.286,20.331,20.398,20.415,20.448,20.454,20.471,20.521,20.538,20.51,20.431,20.375,20.409,20.336,20.291,20.375,20.359,20.291,20.269,20.314,20.336,20.359,20.353,20.331,20.291,20.275,20.314,20.381,20.403,20.342,20.297,20.331,20.297,20.375,20.381,20.263,20.387,20.398,20.314
20.504,20.431,20.37,20.437,20.409,20.392,20.398,20.392,20.347,20.347,20.381,20.398,20.392,20.375,20.359,20.342,20.314,20.403,20.448,20.347,20.308,20.381,20.398,20.314,20.415,20.37,20.269,20.308,20.331,20.37,20.375,20.359,20.347,20.314,20.291,20.319,20.403,20.409,20.342,20.314,20.347,20.297,20.28,20.375,20.398,20.387,20.398,20.437,20.403,20.482,20.56,20.515,20.476,20.431,20.443,20.487,20.409,20.487,20.566,20.487,20.515,20.504,20.42,20.359,20.37,20.459,20.465,20.375,20.454,20.555,20.549,20.482,20.471,20.448,20.409,20.398,20.347,20.454,20.543,20.487,20.493,20.471,20.443,20.454,20.487,20.454,20.392,20.409,20.577,20.588,20.515,20.571,20.571,20.538,20.515,20.527,20.493,20.465,20.521,20.616,20.644,20.611,20.56,20.566,20.655,20.532,20.471,20.661,20.689,20.666,20.622,20.605,20.644,20.616,20.588,20.627,20.56,20.566,20.588,20.56,20.583,20.616,20.616,20.599,20.605,20.499,20.465,20.594,20.594,20.493,20.454,20.538,20.549,20.487,20.493,20.594,20.555,20.611,20.633,20.532,20.56,20.566,20.56,20.611,20.711,20.661,20.588,20.661,20.666,20.733,20.706,20.583,20.616,20.65,20.627,20.599,20.549,20.499,20.555,20.678,20.722,20.611,20.487,20.532,20.633,21.135,21.651,21.828,22.203,22.131,21.512,21.046,21.068,20.951,20.789,20.817,20.678,20.627,20.638,20.605,20.666,20.594,20.515,20.577,20.616,20.549,20.51,20.594,20.588,20.56,20.555,20.577,20.555,20.583,20.583,20.521,20.487,20.527,20.571,20.566,20.594,20.566,20.538,20.571,20.583,20.566,20.527,20.515,20.555,20.521,20.465,20.482,20.476,20.51,20.51,20.471,20.51,20.493,20.454,20.471,20.426,20.431,20.454,20.443,20.448,20.426,20.454,20.538,20.51,20.515,20.51,20.454,20.381,20.454,20.538,20.493,20.426,20.426,20.471,20.471,20.392,20.387,20.415,20.398,20.415,20.415,20.392,20.387,20.42,20.353,20.319,20.409,20.437,20.37,20.342,20.42,20.387,20.504,20.482,20.252,20.347,20.398,20.37,20.387,20.353,20.37,20.398,20.37,20.331,20.303,20.342,20.426,20.487,20.471,20.381,20.347,20.381,20.443,20.392,20.275,20.392,20.336,20.28,20.415,20.375,20.415,20.515,20.555,20.527,20.476,20.415,20.364,20.403,20.392,20.314,20.286,20.364,20.269,20.207,20.353,20.331,20.415,20.42,20.275,20.28,20.37,20.431,20.398,20.308,20.359,20.359,20.218,20.331,20.347,20.263,20.252,20.263,20.342,20.398
20.443,20.487,20.415,20.314,20.359,20.403,20.347,20.269,20.314,20.258,20.28,20.448,20.398,20.314,20.297,20.342,20.375,20.392,20.403,20.415,20.364,20.387,20.359,20.246,20.319,20.381,20.319,20.252,20.353,20.375,20.336,20.364,20.375,20.364,20.286,20.224,20.375,20.37,20.303,20.381,20.398,20.336,20.364,20.504,20.409,20.403,20.403,20.319,20.364,20.471,20.482,20.403,20.398,20.426,20.437,20.42,20.415,20.499,20.504,20.403,20.504,20.527,20.426,20.37,20.392,20.476,20.471,20.387,20.426,20.527,20.571,20.527,20.409,20.42,20.454,20.387,20.398,20.487,20.527,20.476,20.42,20.448,20.493,20.471,20.471,20.465,20.426,20.403,20.454,20.487,20.538,20.616,20.577,20.549,20.543,20.538,20.555,20.51,20.51,20.599,20.571,20.599,20.611,20.571,20.666,20.616,20.549,20.633,20.583,20.594,20.622,20.577,20.543,20.51,20.56,20.655,20.577,20.583,20.599,20.538,20.543,20.583,20.611,20.594,20.56,20.499,20.499,20.56,20.583,20.504,20.426,20.448,20.504,20.487,20.515,20.627,20.577,20.599,20.633,20.594,20.655,20.616,20.56,20.633,20.773,20.778,20.739,20.806,20.7,20.655,20.694,20.7,20.611,20.577,20.56,20.499,20.611,20.577,20.521,20.583,20.387,20.325,20.733,21.29,21.651,21.977,22.015,21.833,21.617,21.368,21.057,20.789,20.773,20.75,20.666,20.616,20.588,20.644,20.666,20.605,20.555,20.644,20.638,20.482,20.577,20.588,20.549,20.599,20.594,20.605,20.571,20.504,20.571,20.605,20.543,20.504,20.527,20.627,20.627,20.515,20.627,20.583,20.504,20.594,20.594,20.566,20.515,20.476,20.521,20.454,20.415,20.515,20.538,20.538,20.482,20.42,20.476,20.487,20.443,20.437,20.403,20.381,20.426,20.493,20.454,20.443,20.487,20.515,20.465,20.487,20.515,20.459,20.431,20.437,20.454,20.459,20.56,20.532,20.431,20.437,20.42,20.415,20.431,20.471,20.51,20.448,20.387,20.42,20.381,20.392,20.359,20.275,20.443,20.375,20.263,20.392,20.398,20.459,20.415,20.258,20.359,20.359,20.303,20.353,20.409,20.415,20.387,20.392,20.297,20.381,20.527,20.499,20.392,20.431,20.454,20.325,20.319,20.443,20.459,20.308,20.331,20.364,20.375,20.387,20.353,20.454,20.56,20.532,20.504,20.493,20.426,20.325,20.398,20.364,20.308,20.364,20.342,20.291,20.246,20.241,20.297,20.398,20.381,20.291,20.375,20.409,20.37,20.359,20.202,20.275,20.409,20.347,20.381,20.353,20.246,20.185,20.252,20.37,20.426
20.398,20.437,20.381,20.297,20.409,20.375,20.252,20.275,20.392,20.319,20.263,20.415,20.409,20.375,20.314,20.275,20.364,20.331,20.308,20.426,20.37,20.308,20.303,20.325,20.331,20.308,20.286,20.314,20.42,20.364,20.291,20.381,20.381,20.308,20.241,20.263,20.392,20.42,20.364,20.37,20.364,20.359,20.392,20.448,20.409,20.454,20.437,20.319,20.471,20.465,20.375,20.426,20.443,20.443,20.437,20.459,20.482,20.476,20.465,20.482,20.482,20.454,20.426,20.426,20.398,20.476,20.504,20.409,20.459,20.409,20.375,20.476,20.448,20.415,20.42,20.448,20.482,20.454,20.426,20.443,20.359,20.437,20.493,20.392,20.426,20.437,20.443,20.499,20.471,20.476,20.532,20.583,20.599,20.56,20.532,20.555,20.543,20.594,20.599,20.532,20.555,20.571,20.56,20.583,20.706,20.694,20.616,20.627,20.577,20.566,20.583,20.577,20.527,20.599,20.666,20.611,20.599,20.594,20.588,20.588,20.583,20.627,20.611,20.538,20.611,20.549,20.482,20.56,20.532,20.504,20.499,20.51,20.515,20.577,20.594,20.549,20.577,20.605,20.611,20.622,20.65,20.689,20.655,20.594,20.611,20.711,20.828,20.862,20.75,20.65,20.638,20.655,20.566,20.627,20.644,20.487,20.471,20.527,20.583,20.65,20.901,21.368,21.717,21.783,21.761,21.706,21.501,21.179,20.856,20.672,20.678,20.689,20.638,20.65,20.627,20.549,20.678,20.717,20.611,20.538,20.527,20.661,20.666,20.493,20.566,20.577,20.56,20.622,20.583,20.622,20.622,20.538,20.515,20.588,20.605,20.527,20.532,20.599,20.611,20.56,20.571,20.566,20.543,20.543,20.56,20.56,20.493,20.426,20.454,20.448,20.459,20.527,20.448,20.465,20.504,20.465,20.443,20.471,20.504,20.482,20.375,20.375,20.465,20.487,20.459,20.443,20.459,20.471,20.398,20.493,20.588,20.504,20.448,20.437,20.471,20.499,20.532,20.493,20.448,20.487,20.527,20.521,20.471,20.437,20.437,20.415,20.409,20.443,20.42,20.454,20.431,20.342,20.403,20.381,20.314,20.336,20.409,20.403,20.353,20.359,20.375,20.342,20.336,20.398,20.403,20.415,20.409,20.403,20.359,20.426,20.448,20.353,20.431,20.499,20.471,20.42,20.331,20.375,20.437,20.387,20.364,20.387,20.392,20.359,20.37,20.51,20.549,20.437,20.459,20.487,20.459,20.42,20.437,20.37,20.325,20.392,20.42,20.387,20.303,20.263,20.263,20.392,20.42,20.297,20.347,20.437,20.353,20.179,20.286,20.319,20.303,20.359,20.359,20.359,20.308,20.252,20.303,20.381,20.409
20.342,20.331,20.331,20.319,20.387,20.336,20.269,20.331,20.387,20.387,20.331,20.314,20.375,20.409,20.342,20.275,20.342,20.319,20.308,20.392,20.359,20.275,20.303,20.426,20.392,20.275,20.263,20.375,20.398,20.331,20.336,20.437,20.319,20.23,20.28,20.37,20.398,20.409,20.392,20.353,20.314,20.336,20.359,20.336,20.398,20.459,20.437,20.415,20.549,20.471,20.364,20.471,20.476,20.437,20.448,20.521,20.471,20.454,20.51,20.56,20.493,20.409,20.387,20.42,20.392,20.448,20.487,20.443,20.504,20.364,20.269,20.42,20.487,20.448,20.403,20.459,20.51,20.471,20.426,20.465,20.415,20.471,20.482,20.37,20.448,20.448,20.443,20.543,20.543,20.583,20.566,20.504,20.616,20.599,20.527,20.566,20.493,20.583,20.633,20.504,20.588,20.543,20.487,20.571,20.638,20.638,20.605,20.616,20.633,20.65,20.633,20.605,20.583,20.694,20.7,20.538,20.599,20.633,20.605,20.611,20.588,20.65,20.638,20.538,20.644,20.588,20.499,20.577,20.51,20.521,20.605,20.622,20.56,20.594,20.605,20.527,20.599,20.605,20.583,20.622,20.588,20.661,20.683,20.571,20.499,20.644,20.8,20.767,20.722,20.689,20.644,20.571,20.51,20.594,20.728,20.745,20.627,20.968,21.346,21.34,21.645,22.026,21.91,21.418,21.073,20.895,20.789,20.622,20.599,20.594,20.577,20.583,20.627,20.65,20.627,20.622,20.717,20.706,20.583,20.527,20.555,20.594,20.583,20.56,20.555,20.532,20.555,20.611,20.588,20.588,20.611,20.599,20.499,20.555,20.655,20.622,20.588,20.543,20.56,20.622,20.515,20.56,20.599,20.493,20.532,20.538,20.471,20.437,20.487,20.499,20.482,20.499,20.409,20.443,20.51,20.482,20.465,20.459,20.487,20.521,20.403,20.431,20.499,20.443,20.409,20.415,20.431,20.426,20.42,20.532,20.588,20.499,20.42,20.437,20.515,20.527,20.415,20.403,20.476,20.493,20.555,20.538,20.454,20.415,20.359,20.359,20.403,20.42,20.426,20.459,20.476,20.454,20.364,20.403,20.426,20.325,20.387,20.381,20.353,20.403,20.342,20.364,20.443,20.454,20.359,20.381,20.42,20.359,20.415,20.409,20.308,20.263,20.465,20.521,20.443,20.454,20.42,20.375,20.37,20.403,20.375,20.359,20.359,20.364,20.42,20.51,20.493,20.403,20.482,20.532,20.504,20.471,20.42,20.392,20.37,20.37,20.465,20.426,20.342,20.37,20.297,20.409,20.465,20.319,20.303,20.437,20.387,20.157,20.375,20.398,20.246,20.263,20.319,20.387,20.381,20.347,20.331,20.381,20.42
20.252,20.303,20.37,20.263,20.23,20.336,20.392,20.297,20.263,20.331,20.359,20.28,20.297,20.303,20.325,20.381,20.375,20.392,20.409,20.392,20.387,20.342,20.347,20.415,20.364,20.336,20.342,20.336,20.28,20.314,20.437,20.487,20.258,20.263,20.403,20.364,20.331,20.28,20.319,20.42,20.353,20.331,20.375,20.398,20.403,20.409,20.42,20.448,20.487,20.482,20.426,20.387,20.37,20.42,20.482,20.482,20.387,20.482,20.571,20.482,20.538,20.465,20.342,20.364,20.409,20.437,20.454,20.487,20.493,20.437,20.409,20.459,20.431,20.476,20.471,20.381,20.471,20.571,20.571,20.538,20.515,20.521,20.504,20.465,20.521,20.532,20.493,20.504,20.521,20.644,20.644,20.499,20.633,20.65,20.56,20.571,20.504,20.499,20.532,20.532,20.571,20.538,20.51,20.566,20.504,20.538,20.588,20.555,20.622,20.745,20.745,20.622,20.605,20.599,20.566,20.538,20.588,20.683,20.672,20.566,20.515,20.588,20.661,20.622,20.566,20.588,20.616,20.571,20.515,20.571,20.644,20.622,20.588,20.515,20.532,20.644,20.638,20.571,20.566,20.644,20.611,20.555,20.56,20.611,20.633,20.745,20.784,20.694,20.633,20.655,20.678,20.633,20.543,20.555,20.806,21.112,21.196,21.772,22.241,22.043,21.579,21.157,20.968,20.862,20.856,20.839,20.745,20.638,20.583,20.666,20.655,20.515,20.644,20.661,20.611,20.661,20.605,20.622,20.661,20.627,20.538,20.549,20.588,20.549,20.515,20.532,20.566,20.588,20.633,20.571,20.521,20.571,20.594,20.571,20.611,20.717,20.706,20.611,20.566,20.605,20.56,20.583,20.594,20.521,20.543,20.51,20.465,20.499,20.566,20.51,20.437,20.487,20.549,20.555,20.471,20.409,20.521,20.465,20.392,20.493,20.476,20.471,20.471,20.443,20.347,20.409,20.471,20.403,20.504,20.527,20.454,20.426,20.392,20.42,20.459,20.459,20.426,20.459,20.465,20.398,20.471,20.431,20.409,20.521,20.459,20.387,20.387,20.415,20.37,20.426,20.476,20.415,20.375,20.437,20.454,20.37,20.37,20.37,20.347,20.336,20.303,20.392,20.471,20.42,20.375,20.387,20.375,20.319,20.381,20.409,20.403,20.426,20.387,20.443,20.454,20.375,20.487,20.459,20.364,20.381,20.286,20.331,20.409,20.392,20.459,20.487,20.459,20.459,20.56,20.627,20.532,20.387,20.364,20.409,20.42,20.375,20.403,20.381,20.353,20.381,20.392,20.431,20.431,20.381,20.398,20.415,20.387,20.342,20.286,20.364,20.381,20.269,20.347,20.431,20.403,20.331,20.331,20.42,20.487
20.23,20.258,20.308,20.241,20.174,20.291,20.392,20.314,20.297,20.308,20.325,20.331,20.218,20.28,20.364,20.297,20.297,20.42,20.415,20.258,20.308,20.303,20.325,20.437,20.331,20.303,20.353,20.336,20.258,20.336,20.437,20.392,20.263,20.252,20.319,20.319,20.252,20.314,20.387,20.331,20.263,20.325,20.426,20.431,20.392,20.381,20.415,20.437,20.387,20.459,20.487,20.37,20.331,20.426,20.487,20.426,20.431,20.454,20.448,20.42,20.454,20.42,20.364,20.387,20.426,20.465,20.459,20.443,20.392,20.398,20.448,20.465,20.487,20.504,20.437,20.342,20.387,20.51,20.56,20.527,20.532,20.51,20.465,20.465,20.515,20.532,20.515,20.532,20.555,20.583,20.549,20.51,20.638,20.644,20.56,20.555,20.454,20.465,20.521,20.504,20.588,20.527,20.482,20.599,20.538,20.515,20.515,20.499,20.627,20.739,20.655,20.532,20.622,20.661,20.594,20.56,20.583,20.644,20.655,20.616,20.571,20.538,20.555,20.599,20.571,20.672,20.694,20.549,20.459,20.499,20.599,20.616,20.588,20.566,20.588,20.611,20.51,20.527,20.611,20.611,20.588,20.532,20.471,20.476,20.599,20.711,20.728,20.711,20.678,20.538,20.415,20.487,20.789,21.634,21.982,21.584,21.778,21.861,21.601,21.307,21.157,20.929,20.767,20.761,20.65,20.638,20.666,20.622,20.644,20.655,20.616,20.566,20.571,20.577,20.588,20.605,20.566,20.566,20.622,20.666,20.605,20.638,20.638,20.532,20.588,20.515,20.471,20.588,20.633,20.532,20.459,20.538,20.555,20.611,20.655,20.638,20.521,20.515,20.555,20.515,20.504,20.538,20.543,20.504,20.521,20.482,20.459,20.504,20.42,20.443,20.499,20.465,20.515,20.549,20.476,20.392,20.527,20.504,20.42,20.487,20.515,20.465,20.426,20.471,20.443,20.504,20.521,20.437,20.471,20.409,20.364,20.426,20.398,20.459,20.482,20.387,20.403,20.482,20.487,20.42,20.471,20.448,20.426,20.476,20.42,20.387,20.42,20.465,20.443,20.375,20.375,20.448,20.398,20.454,20.459,20.347,20.381,20.364,20.297,20.291,20.342,20.409,20.403,20.359,20.415,20.364,20.308,20.375,20.409,20.403,20.409,20.459,20.431,20.398,20.42,20.465,20.482,20.347,20.308,20.448,20.314,20.387,20.448,20.303,20.359,20.471,20.487,20.459,20.616,20.588,20.454,20.459,20.476,20.543,20.476,20.319,20.375,20.347,20.314,20.403,20.431,20.443,20.398,20.331,20.364,20.387,20.308,20.224,20.28,20.336,20.308,20.275,20.342,20.409,20.392,20.37,20.504,20.527,20.459
20.291,20.331,20.336,20.286,20.252,20.258,20.291,20.314,20.359,20.319,20.28,20.314,20.258,20.252,20.308,20.336,20.246,20.314,20.398,20.336,20.37,20.342,20.336,20.392,20.319,20.213,20.252,20.381,20.28,20.336,20.403,20.319,20.353,20.342,20.291,20.286,20.297,20.42,20.454,20.342,20.297,20.381,20.437,20.387,20.381,20.409,20.42,20.392,20.392,20.409,20.42,20.42,20.398,20.482,20.521,20.426,20.431,20.431,20.454,20.499,20.448,20.392,20.387,20.415,20.448,20.437,20.415,20.437,20.471,20.465,20.431,20.42,20.426,20.443,20.431,20.403,20.37,20.471,20.532,20.459,20.465,20.504,20.504,20.465,20.521,20.499,20.476,20.543,20.56,20.538,20.532,20.577,20.605,20.622,20.611,20.583,20.487,20.527,20.566,20.487,20.521,20.504,20.493,20.56,20.594,20.599,20.555,20.521,20.555,20.633,20.638,20.605,20.661,20.65,20.588,20.577,20.527,20.583,20.661,20.644,20.611,20.538,20.532,20.599,20.571,20.583,20.594,20.549,20.482,20.499,20.566,20.588,20.594,20.588,20.571,20.566,20.555,20.599,20.611,20.549,20.504,20.499,20.527,20.543,20.549,20.571,20.661,20.756,20.678,20.644,21.018,21.557,21.656,21.938,21.91,21.462,21.49,21.329,20.968,20.756,20.728,20.694,20.678,20.706,20.555,20.527,20.622,20.655,20.616,20.577,20.583,20.605,20.571,20.527,20.555,20.633,20.588,20.555,20.594,20.633,20.594,20.616,20.611,20.532,20.594,20.56,20.482,20.515,20.633,20.644,20.56,20.549,20.599,20.644,20.611,20.543,20.515,20.521,20.532,20.532,20.504,20.499,20.521,20.527,20.437,20.482,20.504,20.392,20.387,20.476,20.532,20.493,20.482,20.515,20.482,20.392,20.482,20.521,20.493,20.499,20.56,20.465,20.347,20.398,20.482,20.521,20.459,20.42,20.465,20.443,20.403,20.426,20.415,20.493,20.499,20.381,20.359,20.437,20.499,20.459,20.476,20.448,20.426,20.465,20.459,20.437,20.403,20.387,20.454,20.42,20.353,20.387,20.398,20.426,20.426,20.403,20.42,20.336,20.28,20.37,20.443,20.443,20.392,20.381,20.387,20.387,20.37,20.37,20.403,20.426,20.392,20.37,20.42,20.448,20.415,20.403,20.476,20.364,20.286,20.415,20.353,20.448,20.487,20.342,20.342,20.437,20.448,20.364,20.515,20.543,20.471,20.487,20.577,20.577,20.448,20.353,20.403,20.359,20.258,20.258,20.353,20.409,20.37,20.347,20.364,20.387,20.331,20.258,20.286,20.359,20.353,20.291,20.291,20.409,20.431,20.325,20.471,20.51,20.443
20.275,20.353,20.364,20.263,20.303,20.246,20.213,20.308,20.353,20.336,20.286,20.275,20.319,20.275,20.275,20.381,20.269,20.218,20.319,20.426,20.42,20.37,20.325,20.319,20.336,20.252,20.246,20.37,20.364,20.37,20.37,20.336,20.375,20.392,20.359,20.342,20.342,20.398,20.448,20.437,20.392,20.42,20.42,20.336,20.319,20.426,20.465,20.364,20.437,20.398,20.353,20.431,20.398,20.471,20.538,20.476,20.426,20.448,20.499,20.499,20.459,20.443,20.448,20.443,20.426,20.415,20.415,20.437,20.504,20.527,20.454,20.387,20.37,20.409,20.454,20.465,20.415,20.437,20.482,20.454,20.392,20.465,20.527,20.465,20.504,20.431,20.398,20.515,20.493,20.515,20.571,20.594,20.549,20.588,20.633,20.588,20.577,20.577,20.555,20.521,20.487,20.51,20.543,20.549,20.611,20.655,20.638,20.611,20.527,20.56,20.661,20.689,20.633,20.605,20.611,20.605,20.56,20.577,20.599,20.583,20.605,20.599,20.577,20.577,20.56,20.482,20.471,20.56,20.499,20.532,20.594,20.566,20.588,20.56,20.527,20.549,20.638,20.622,20.566,20.577,20.459,20.465,20.599,20.666,20.56,20.527,20.611,20.689,20.706,20.962,21.606,22.126,21.817,21.285,20.979,20.895,20.795,20.773,20.761,20.7,20.633,20.633,20.65,20.616,20.588,20.583,20.594,20.599,20.527,20.543,20.577,20.538,20.599,20.588,20.56,20.611,20.599,20.616,20.611,20.56,20.571,20.599,20.571,20.527,20.555,20.599,20.56,20.499,20.605,20.694,20.661,20.599,20.594,20.599,20.571,20.543,20.616,20.594,20.521,20.543,20.549,20.51,20.499,20.532,20.42,20.482,20.504,20.364,20.487,20.527,20.487,20.521,20.459,20.51,20.527,20.431,20.471,20.543,20.543,20.493,20.532,20.459,20.359,20.375,20.459,20.471,20.431,20.448,20.476,20.482,20.459,20.459,20.471,20.482,20.482,20.487,20.431,20.431,20.471,20.476,20.443,20.415,20.437,20.482,20.504,20.437,20.342,20.342,20.387,20.454,20.415,20.331,20.392,20.387,20.37,20.443,20.398,20.319,20.331,20.409,20.443,20.42,20.392,20.403,20.353,20.375,20.398,20.37,20.448,20.454,20.392,20.387,20.409,20.476,20.426,20.308,20.437,20.415,20.308,20.325,20.331,20.398,20.448,20.443,20.381,20.398,20.409,20.347,20.387,20.504,20.549,20.504,20.549,20.493,20.392,20.387,20.398,20.392,20.308,20.224,20.319,20.387,20.375,20.381,20.364,20.364,20.381,20.392,20.314,20.364,20.409,20.319,20.314,20.398,20.403,20.308,20.375,20.443,20.448
20.162,20.246,20.291,20.157,20.241,20.246,20.241,20.331,20.319,20.314,20.314,20.308,20.331,20.359,20.336,20.291,20.303,20.258,20.241,20.303,20.331,20.308,20.286,20.314,20.342,20.415,20.392,20.303,20.437,20.459,20.37,20.353,20.286,20.325,20.42,20.431,20.275,20.263,20.398,20.454,20.398,20.426,20.448,20.364,20.263,20.409,20.515,20.387,20.403,20.426,20.415,20.392,20.286,20.375,20.515,20.499,20.471,20.476,20.431,20.347,20.387,20.493,20.538,20.487,20.403,20.471,20.51,20.398,20.336,20.471,20.549,20.42,20.459,20.493,20.471,20.448,20.426,20.37,20.409,20.527,20.409,20.398,20.465,20.454,20.454,20.381,20.387,20.499,20.431,20.476,20.555,20.538,20.51,20.56,20.588,20.555,20.599,20.538,20.493,20.571,20.577,20.549,20.566,20.633,20.611,20.611,20.65,20.672,20.616,20.594,20.616,20.616,20.56,20.627,20.694,20.638,20.661,20.611,20.527,20.521,20.605,20.633,20.555,20.499,20.56,20.549,20.521,20.566,20.454,20.521,20.627,20.571,20.566,20.566,20.56,20.56,20.56,20.51,20.549,20.666,20.532,20.499,20.588,20.616,20.594,20.622,20.605,20.566,20.784,21.129,21.296,21.213,20.973,20.906,20.851,20.644,20.678,20.672,20.599,20.594,20.666,20.745,20.683,20.56,20.627,20.672,20.583,20.493,20.521,20.605,20.571,20.459,20.566,20.678,20.622,20.51,20.566,20.655,20.622,20.527,20.627,20.694,20.605,20.51,20.577,20.588,20.56,20.594,20.571,20.571,20.611,20.622,20.482,20.532,20.644,20.599,20.583,20.583,20.527,20.448,20.56,20.527,20.448,20.504,20.487,20.465,20.465,20.493,20.515,20.482,20.476,20.527,20.448,20.538,20.599,20.487,20.515,20.577,20.549,20.471,20.459,20.454,20.459,20.493,20.471,20.471,20.51,20.543,20.459,20.381,20.42,20.51,20.521,20.454,20.465,20.583,20.577,20.504,20.459,20.476,20.415,20.431,20.476,20.459,20.443,20.364,20.353,20.426,20.353,20.409,20.459,20.381,20.409,20.381,20.359,20.403,20.342,20.347,20.364,20.325,20.353,20.359,20.342,20.359,20.403,20.331,20.308,20.443,20.543,20.476,20.426,20.532,20.454,20.426,20.426,20.37,20.37,20.331,20.303,20.325,20.291,20.319,20.392,20.426,20.364,20.392,20.471,20.459,20.403,20.465,20.571,20.577,20.499,20.443,20.403,20.347,20.331,20.392,20.431,20.403,20.403,20.409,20.381,20.353,20.325,20.325,20.37,20.409,20.364,20.325,20.325,20.347,20.409,20.347,20.297,20.392,20.437,20.459,20.459
20.28,20.275,20.207,20.19,20.297,20.325,20.291,20.325,20.403,20.347,20.258,20.314,20.431,20.392,20.263,20.263,20.331,20.364,20.308,20.258,20.286,20.308,20.347,20.409,20.381,20.364,20.375,20.37,20.331,20.387,20.392,20.28,20.207,20.325,20.437,20.359,20.286,20.269,20.319,20.37,20.325,20.431,20.499,20.409,20.409,20.471,20.443,20.331,20.353,20.381,20.409,20.443,20.375,20.398,20.459,20.465,20.521,20.504,20.443,20.437,20.398,20.415,20.465,20.476,20.42,20.426,20.431,20.375,20.398,20.471,20.504,20.471,20.476,20.471,20.454,20.448,20.42,20.398,20.42,20.459,20.426,20.471,20.476,20.387,20.42,20.443,20.437,20.448,20.426,20.493,20.527,20.459,20.459,20.504,20.56,20.594,20.538,20.482,20.487,20.532,20.566,20.543,20.532,20.588,20.555,20.611,20.666,20.633,20.605,20.594,20.594,20.583,20.588,20.599,20.605,20.594,20.515,20.616,20.717,20.627,20.588,20.594,20.538,20.431,20.51,20.599,20.588,20.532,20.51,20.543,20.577,20.571,20.588,20.605,20.611,20.605,20.566,20.527,20.543,20.599,20.599,20.638,20.65,20.622,20.616,20.543,20.543,20.666,20.683,20.828,21.018,21.051,20.8,20.661,20.65,20.594,20.566,20.577,20.605,20.605,20.56,20.65,20.683,20.566,20.571,20.689,20.694,20.555,20.555,20.549,20.538,20.566,20.571,20.638,20.666,20.611,20.555,20.577,20.566,20.487,20.588,20.65,20.577,20.504,20.56,20.543,20.515,20.583,20.644,20.571,20.493,20.527,20.459,20.583,20.672,20.549,20.521,20.538,20.499,20.426,20.566,20.459,20.336,20.465,20.459,20.465,20.487,20.493,20.415,20.387,20.493,20.594,20.476,20.538,20.622,20.515,20.487,20.476,20.482,20.493,20.454,20.431,20.443,20.448,20.398,20.487,20.549,20.465,20.431,20.409,20.398,20.409,20.403,20.426,20.448,20.437,20.398,20.471,20.504,20.426,20.499,20.566,20.515,20.409,20.269,20.353,20.415,20.263,20.246,20.387,20.471,20.398,20.347,20.37,20.381,20.342,20.325,20.347,20.359,20.347,20.364,20.331,20.325,20.387,20.426,20.415,20.375,20.387,20.398,20.471,20.487,20.415,20.37,20.381,20.426,20.437,20.437,20.297,20.258,20.398,20.331,20.303,20.342,20.364,20.303,20.448,20.543,20.409,20.448,20.538,20.605,20.616,20.493,20.426,20.42,20.381,20.336,20.381,20.415,20.37,20.409,20.319,20.263,20.364,20.364,20.398,20.409,20.359,20.325,20.263,20.275,20.347,20.331,20.275,20.303,20.387,20.375,20.375,20.387
20.213,20.325,20.336,20.224,20.246,20.325,20.342,20.303,20.359,20.353,20.308,20.331,20.398,20.375,20.319,20.336,20.252,20.342,20.387,20.263,20.319,20.336,20.314,20.336,20.308,20.37,20.426,20.381,20.331,20.37,20.387,20.297,20.23,20.347,20.409,20.286,20.291,20.375,20.37,20.269,20.297,20.443,20.487,20.398,20.471,20.515,20.426,20.314,20.409,20.454,20.431,20.443,20.375,20.415,20.499,20.499,20.448,20.443,20.487,20.521,20.532,20.409,20.364,20.487,20.471,20.437,20.415,20.409,20.415,20.499,20.493,20.381,20.42,20.437,20.426,20.454,20.437,20.448,20.426,20.387,20.443,20.465,20.431,20.431,20.459,20.493,20.521,20.543,20.521,20.566,20.532,20.42,20.532,20.543,20.493,20.549,20.549,20.538,20.499,20.459,20.482,20.538,20.571,20.588,20.605,20.616,20.616,20.633,20.644,20.655,20.616,20.566,20.549,20.611,20.638,20.583,20.499,20.583,20.689,20.638,20.577,20.594,20.594,20.538,20.599,20.594,20.532,20.532,20.571,20.611,20.577,20.521,20.577,20.633,20.627,20.611,20.599,20.655,20.627,20.51,20.549,20.599,20.605,20.605,20.611,20.594,20.599,20.638,20.638,20.739,20.778,20.672,20.599,20.588,20.633,20.65,20.527,20.588,20.689,20.611,20.538,20.605,20.678,20.627,20.65,20.644,20.588,20.549,20.56,20.622,20.627,20.577,20.583,20.599,20.616,20.627,20.555,20.521,20.532,20.521,20.549,20.549,20.515,20.51,20.493,20.599,20.627,20.521,20.577,20.599,20.532,20.487,20.549,20.599,20.583,20.56,20.605,20.571,20.527,20.543,20.476,20.482,20.504,20.471,20.487,20.454,20.454,20.51,20.398,20.42,20.532,20.555,20.527,20.499,20.51,20.532,20.465,20.437,20.465,20.482,20.415,20.454,20.476,20.387,20.403,20.448,20.459,20.443,20.443,20.415,20.403,20.437,20.443,20.448,20.415,20.342,20.252,20.426,20.527,20.364,20.443,20.515,20.465,20.387,20.347,20.426,20.398,20.224,20.308,20.381,20.347,20.314,20.347,20.409,20.42,20.392,20.403,20.364,20.359,20.42,20.37,20.286,20.297,20.403,20.42,20.392,20.359,20.359,20.37,20.437,20.465,20.431,20.392,20.37,20.392,20.437,20.398,20.353,20.364,20.392,20.224,20.381,20.487,20.263,20.364,20.437,20.42,20.437,20.465,20.56,20.594,20.532,20.549,20.532,20.465,20.42,20.347,20.387,20.403,20.331,20.42,20.331,20.241,20.353,20.342,20.381,20.398,20.347,20.297,20.359,20.403,20.331,20.286,20.308,20.381,20.426,20.392,20.42,20.471
20.145,20.319,20.42,20.258,20.185,20.218,20.28,20.269,20.235,20.314,20.381,20.336,20.297,20.364,20.403,20.319,20.213,20.252,20.342,20.325,20.319,20.291,20.235,20.19,20.196,20.347,20.431,20.353,20.375,20.392,20.381,20.364,20.297,20.336,20.353,20.275,20.275,20.409,20.431,20.297,20.325,20.403,20.409,20.37,20.415,20.471,20.431,20.375,20.459,20.504,20.437,20.375,20.297,20.398,20.532,20.51,20.409,20.448,20.527,20.499,20.577,20.437,20.342,20.487,20.448,20.443,20.454,20.42,20.347,20.42,20.443,20.325,20.409,20.431,20.415,20.448,20.415,20.471,20.465,20.353,20.426,20.431,20.398,20.448,20.459,20.493,20.538,20.56,20.51,20.538,20.532,20.454,20.543,20.555,20.471,20.459,20.549,20.577,20.515,20.476,20.454,20.532,20.616,20.611,20.672,20.588,20.521,20.611,20.644,20.678,20.644,20.577,20.499,20.605,20.678,20.577,20.588,20.577,20.538,20.543,20.599,20.616,20.605,20.633,20.672,20.571,20.482,20.538,20.56,20.611,20.588,20.51,20.521,20.594,20.616,20.588,20.644,20.655,20.588,20.532,20.515,20.51,20.521,20.555,20.577,20.65,20.627,20.527,20.65,20.767,20.655,20.459,20.448,20.566,20.655,20.627,20.521,20.599,20.661,20.549,20.583,20.638,20.661,20.661,20.689,20.571,20.476,20.538,20.532,20.655,20.666,20.515,20.566,20.599,20.577,20.571,20.566,20.571,20.566,20.56,20.571,20.521,20.499,20.56,20.521,20.627,20.65,20.487,20.465,20.571,20.599,20.504,20.599,20.543,20.465,20.555,20.605,20.588,20.566,20.583,20.409,20.499,20.622,20.504,20.51,20.465,20.437,20.482,20.448,20.482,20.521,20.493,20.555,20.487,20.431,20.51,20.459,20.443,20.471,20.465,20.409,20.459,20.482,20.387,20.415,20.392,20.381,20.443,20.42,20.426,20.459,20.487,20.504,20.459,20.415,20.42,20.319,20.392,20.454,20.364,20.403,20.415,20.387,20.392,20.465,20.42,20.342,20.37,20.403,20.359,20.291,20.319,20.443,20.426,20.364,20.426,20.364,20.342,20.375,20.392,20.359,20.308,20.297,20.325,20.336,20.308,20.314,20.381,20.409,20.353,20.353,20.459,20.42,20.381,20.347,20.314,20.291,20.398,20.448,20.347,20.218,20.403,20.51,20.308,20.454,20.398,20.308,20.431,20.431,20.499,20.532,20.476,20.555,20.538,20.443,20.409,20.347,20.375,20.398,20.336,20.325,20.325,20.342,20.359,20.364,20.314,20.319,20.409,20.359,20.42,20.443,20.325,20.28,20.392,20.471,20.403,20.415,20.482,20.527
20.275,20.291,20.28,20.308,20.23,20.168,20.196,20.246,20.224,20.286,20.342,20.319,20.28,20.387,20.381,20.19,20.291,20.263,20.246,20.381,20.252,20.224,20.252,20.202,20.213,20.258,20.319,20.37,20.347,20.387,20.415,20.375,20.314,20.297,20.308,20.297,20.291,20.336,20.387,20.403,20.336,20.319,20.364,20.392,20.42,20.409,20.403,20.437,20.398,20.426,20.426,20.347,20.303,20.398,20.482,20.437,20.499,20.566,20.527,20.448,20.465,20.398,20.37,20.448,20.381,20.415,20.443,20.375,20.319,20.297,20.347,20.426,20.476,20.448,20.42,20.443,20.37,20.482,20.521,20.347,20.398,20.465,20.426,20.359,20.392,20.487,20.487,20.387,20.347,20.443,20.532,20.499,20.42,20.465,20.515,20.454,20.476,20.521,20.555,20.571,20.51,20.543,20.599,20.588,20.627,20.566,20.499,20.543,20.566,20.627,20.638,20.583,20.538,20.56,20.583,20.549,20.577,20.633,20.583,20.493,20.611,20.611,20.538,20.571,20.594,20.594,20.555,20.527,20.538,20.555,20.571,20.571,20.51,20.555,20.622,20.599,20.672,20.499,20.409,20.622,20.605,20.566,20.538,20.532,20.571,20.588,20.543,20.527,20.627,20.605,20.571,20.655,20.487,20.476,20.56,20.527,20.515,20.549,20.549,20.515,20.588,20.638,20.638,20.633,20.549,20.532,20.594,20.622,20.538,20.543,20.577,20.532,20.538,20.599,20.627,20.594,20.605,20.638,20.605,20.532,20.588,20.566,20.538,20.616,20.655,20.56,20.476,20.521,20.493,20.504,20.515,20.499,20.543,20.504,20.454,20.487,20.454,20.521,20.549,20.465,20.454,20.437,20.454,20.51,20.471,20.51,20.51,20.426,20.454,20.448,20.454,20.521,20.538,20.521,20.493,20.482,20.437,20.426,20.459,20.482,20.459,20.437,20.426,20.42,20.353,20.375,20.42,20.392,20.364,20.459,20.499,20.409,20.415,20.437,20.476,20.51,20.454,20.387,20.381,20.42,20.504,20.476,20.387,20.387,20.364,20.319,20.364,20.476,20.364,20.319,20.398,20.471,20.521,20.387,20.275,20.353,20.207,20.291,20.387,20.28,20.353,20.409,20.331,20.23,20.258,20.319,20.37,20.403,20.347,20.286,20.286,20.331,20.347,20.381,20.319,20.224,20.297,20.37,20.37,20.364,20.431,20.319,20.286,20.459,20.437,20.426,20.392,20.325,20.398,20.448,20.482,20.543,20.476,20.387,20.37,20.398,20.347,20.347,20.375,20.353,20.202,20.246,20.387,20.387,20.454,20.331,20.28,20.443,20.426,20.308,20.28,20.364,20.263,20.426,20.521,20.319,20.364,20.42,20.42
20.297,20.336,20.269,20.23,20.224,20.286,20.275,20.196,20.308,20.269,20.235,20.364,20.252,20.263,20.319,20.275,20.398,20.297,20.207,20.347,20.291,20.297,20.303,20.241,20.336,20.325,20.297,20.37,20.347,20.336,20.37,20.403,20.381,20.275,20.241,20.336,20.398,20.387,20.353,20.381,20.331,20.28,20.319,20.415,20.443,20.527,20.515,20.403,20.37,20.409,20.42,20.359,20.319,20.471,20.555,20.426,20.431,20.471,20.459,20.403,20.426,20.426,20.42,20.443,20.398,20.398,20.415,20.398,20.409,20.403,20.42,20.459,20.437,20.443,20.476,20.493,20.482,20.487,20.448,20.381,20.381,20.381,20.387,20.431,20.465,20.56,20.527,20.364,20.303,20.454,20.588,20.521,20.465,20.448,20.465,20.459,20.437,20.515,20.588,20.56,20.532,20.538,20.566,20.583,20.555,20.571,20.577,20.543,20.555,20.583,20.521,20.437,20.549,20.577,20.538,20.577,20.515,20.594,20.622,20.504,20.583,20.622,20.56,20.527,20.571,20.605,20.56,20.51,20.493,20.51,20.56,20.622,20.622,20.622,20.616,20.611,20.622,20.527,20.51,20.633,20.555,20.555,20.583,20.532,20.583,20.622,20.594,20.549,20.549,20.555,20.588,20.633,20.577,20.543,20.555,20.56,20.549,20.566,20.611,20.644,20.627,20.555,20.538,20.577,20.471,20.532,20.655,20.633,20.56,20.577,20.588,20.521,20.549,20.543,20.566,20.65,20.644,20.605,20.56,20.549,20.583,20.583,20.56,20.571,20.616,20.543,20.493,20.571,20.521,20.465,20.493,20.555,20.538,20.504,20.482,20.487,20.515,20.527,20.476,20.426,20.415,20.431,20.448,20.459,20.465,20.51,20.538,20.515,20.415,20.437,20.499,20.465,20.448,20.471,20.499,20.487,20.426,20.515,20.527,20.37,20.437,20.443,20.398,20.415,20.297,20.364,20.465,20.392,20.403,20.375,20.392,20.471,20.403,20.392,20.431,20.426,20.403,20.476,20.532,20.482,20.437,20.443,20.448,20.409,20.347,20.381,20.459,20.465,20.37,20.246,20.314,20.504,20.487,20.415,20.37,20.37,20.325,20.325,20.28,20.185,20.269,20.37,20.37,20.325,20.375,20.319,20.291,20.398,20.364,20.353,20.319,20.252,20.403,20.381,20.263,20.308,20.364,20.381,20.331,20.314,20.381,20.325,20.308,20.454,20.471,20.431,20.403,20.415,20.398,20.409,20.443,20.459,20.359,20.331,20.443,20.532,20.336,20.387,20.482,20.342,20.336,20.359,20.331,20.286,20.381,20.415,20.331,20.291,20.353,20.28,20.258,20.398,20.275,20.454,20.605,20.426,20.392,20.426,20.459
20.235,20.314,20.308,20.28,20.286,20.325,20.275,20.174,20.213,20.246,20.297,20.37,20.325,20.269,20.275,20.314,20.308,20.275,20.258,20.291,20.359,20.353,20.28,20.269,20.331,20.359,20.364,20.392,20.291,20.359,20.459,20.403,20.359,20.308,20.319,20.375,20.314,20.336,20.392,20.381,20.37,20.364,20.353,20.359,20.431,20.476,20.437,20.387,20.459,20.431,20.359,20.381,20.426,20.465,20.448,20.409,20.381,20.403,20.471,20.499,20.409,20.409,20.443,20.415,20.431,20.437,20.409,20.381,20.409,20.487,20.493,20.415,20.459,20.476,20.454,20.476,20.549,20.521,20.426,20.403,20.42,20.359,20.364,20.51,20.532,20.504,20.465,20.465,20.403,20.431,20.538,20.594,20.566,20.527,20.493,20.476,20.482,20.532,20.549,20.515,20.476,20.532,20.594,20.583,20.661,20.555,20.493,20.633,20.527,20.583,20.644,20.549,20.633,20.599,20.549,20.611,20.532,20.543,20.588,20.549,20.515,20.616,20.622,20.476,20.566,20.588,20.549,20.56,20.504,20.493,20.532,20.566,20.599,20.661,20.644,20.566,20.588,20.638,20.594,20.504,20.543,20.638,20.65,20.571,20.543,20.594,20.611,20.56,20.566,20.56,20.566,20.611,20.633,20.605,20.588,20.616,20.599,20.527,20.543,20.666,20.694,20.622,20.571,20.611,20.555,20.555,20.611,20.633,20.577,20.577,20.594,20.571,20.616,20.644,20.588,20.532,20.605,20.627,20.605,20.622,20.566,20.616,20.611,20.482,20.499,20.51,20.51,20.532,20.527,20.515,20.493,20.482,20.571,20.515,20.476,20.594,20.56,20.571,20.583,20.515,20.471,20.476,20.482,20.454,20.443,20.426,20.454,20.499,20.398,20.459,20.504,20.392,20.454,20.487,20.493,20.515,20.42,20.493,20.538,20.409,20.415,20.437,20.443,20.431,20.37,20.398,20.448,20.437,20.415,20.336,20.331,20.426,20.426,20.465,20.482,20.426,20.353,20.431,20.515,20.454,20.426,20.476,20.471,20.375,20.37,20.42,20.437,20.409,20.426,20.359,20.364,20.487,20.42,20.392,20.387,20.353,20.431,20.42,20.336,20.308,20.258,20.347,20.375,20.275,20.426,20.459,20.403,20.437,20.42,20.353,20.342,20.403,20.409,20.448,20.454,20.409,20.398,20.364,20.336,20.342,20.331,20.359,20.381,20.375,20.431,20.37,20.364,20.493,20.431,20.454,20.51,20.482,20.415,20.499,20.543,20.426,20.359,20.443,20.448,20.297,20.331,20.347,20.336,20.353,20.364,20.364,20.342,20.331,20.336,20.392,20.403,20.347,20.331,20.403,20.437,20.387,20.392,20.431,20.459
20.174,20.207,20.263,20.297,20.224,20.213,20.218,20.185,20.123,20.258,20.37,20.297,20.381,20.314,20.23,20.303,20.241,20.241,20.275,20.269,20.347,20.314,20.252,20.291,20.218,20.314,20.409,20.331,20.275,20.381,20.454,20.37,20.303,20.308,20.359,20.347,20.241,20.314,20.403,20.336,20.364,20.403,20.375,20.325,20.403,20.37,20.314,20.387,20.499,20.398,20.303,20.426,20.448,20.359,20.325,20.431,20.403,20.387,20.443,20.504,20.431,20.375,20.381,20.409,20.42,20.42,20.398,20.387,20.347,20.459,20.487,20.364,20.471,20.487,20.409,20.403,20.465,20.51,20.471,20.415,20.381,20.359,20.403,20.487,20.465,20.437,20.454,20.493,20.487,20.454,20.471,20.543,20.566,20.571,20.538,20.515,20.51,20.499,20.476,20.471,20.454,20.543,20.616,20.588,20.711,20.566,20.465,20.638,20.51,20.599,20.728,20.638,20.65,20.622,20.588,20.594,20.571,20.538,20.538,20.56,20.51,20.56,20.583,20.499,20.56,20.538,20.538,20.622,20.51,20.476,20.515,20.51,20.487,20.571,20.611,20.527,20.571,20.611,20.543,20.459,20.583,20.672,20.633,20.577,20.504,20.532,20.588,20.571,20.577,20.56,20.577,20.627,20.577,20.549,20.583,20.605,20.599,20.487,20.448,20.571,20.661,20.678,20.644,20.655,20.616,20.583,20.577,20.583,20.56,20.566,20.588,20.599,20.616,20.655,20.599,20.493,20.566,20.627,20.638,20.638,20.538,20.56,20.571,20.448,20.42,20.454,20.487,20.476,20.504,20.577,20.532,20.42,20.571,20.543,20.465,20.571,20.515,20.56,20.594,20.521,20.538,20.482,20.443,20.499,20.443,20.375,20.381,20.437,20.448,20.448,20.431,20.431,20.465,20.493,20.487,20.465,20.448,20.437,20.454,20.476,20.392,20.415,20.471,20.426,20.431,20.409,20.387,20.403,20.381,20.387,20.387,20.364,20.415,20.51,20.527,20.465,20.37,20.331,20.37,20.42,20.454,20.487,20.454,20.381,20.409,20.387,20.342,20.359,20.42,20.443,20.426,20.42,20.336,20.336,20.359,20.336,20.431,20.431,20.381,20.398,20.291,20.359,20.37,20.213,20.336,20.487,20.493,20.415,20.437,20.353,20.353,20.51,20.381,20.465,20.566,20.437,20.387,20.336,20.325,20.37,20.342,20.37,20.392,20.347,20.347,20.331,20.359,20.437,20.437,20.471,20.51,20.515,20.566,20.622,20.51,20.331,20.403,20.431,20.336,20.269,20.258,20.275,20.342,20.42,20.37,20.286,20.331,20.454,20.336,20.375,20.42,20.303,20.364,20.375,20.342,20.37,20.403,20.448,20.465
20.196,20.157,20.145,20.168,20.072,20.145,20.241,20.196,20.241,20.308,20.291,20.235,20.331,20.241,20.185,20.342,20.353,20.258,20.213,20.28,20.297,20.275,20.28,20.325,20.196,20.28,20.359,20.235,20.359,20.347,20.28,20.347,20.331,20.263,20.23,20.28,20.387,20.426,20.331,20.235,20.297,20.314,20.319,20.387,20.409,20.415,20.398,20.375,20.42,20.325,20.308,20.465,20.347,20.291,20.392,20.476,20.437,20.364,20.325,20.342,20.476,20.392,20.303,20.431,20.403,20.342,20.364,20.437,20.37,20.415,20.454,20.381,20.398,20.443,20.42,20.364,20.381,20.448,20.465,20.42,20.275,20.325,20.448,20.42,20.359,20.493,20.555,20.398,20.437,20.527,20.487,20.375,20.476,20.51,20.504,20.549,20.459,20.426,20.454,20.465,20.51,20.566,20.594,20.599,20.56,20.627,20.644,20.532,20.521,20.577,20.577,20.499,20.571,20.627,20.599,20.555,20.532,20.555,20.56,20.538,20.588,20.527,20.482,20.571,20.555,20.504,20.538,20.622,20.471,20.437,20.527,20.555,20.476,20.471,20.532,20.555,20.527,20.459,20.476,20.577,20.583,20.583,20.566,20.543,20.521,20.549,20.594,20.588,20.521,20.56,20.644,20.638,20.51,20.476,20.538,20.555,20.56,20.515,20.493,20.532,20.543,20.577,20.611,20.611,20.538,20.622,20.661,20.527,20.555,20.611,20.611,20.571,20.555,20.493,20.532,20.655,20.588,20.566,20.588,20.571,20.504,20.459,20.465,20.471,20.415,20.42,20.471,20.493,20.476,20.555,20.577,20.487,20.538,20.577,20.493,20.392,20.465,20.487,20.42,20.387,20.487,20.42,20.381,20.532,20.499,20.431,20.431,20.476,20.487,20.381,20.387,20.549,20.381,20.42,20.487,20.375,20.51,20.482,20.375,20.415,20.375,20.415,20.448,20.403,20.37,20.381,20.37,20.319,20.364,20.426,20.437,20.426,20.37,20.437,20.487,20.415,20.392,20.331,20.347,20.454,20.42,20.415,20.437,20.437,20.443,20.37,20.308,20.331,20.347,20.347,20.347,20.359,20.286,20.336,20.409,20.37,20.392,20.342,20.269,20.275,20.291,20.37,20.387,20.314,20.263,20.319,20.359,20.325,20.392,20.42,20.387,20.387,20.392,20.387,20.403,20.431,20.381,20.314,20.297,20.325,20.353,20.353,20.364,20.398,20.325,20.359,20.403,20.353,20.409,20.403,20.387,20.448,20.611,20.538,20.409,20.487,20.431,20.381,20.342,20.291,20.319,20.303,20.286,20.331,20.325,20.319,20.359,20.409,20.28,20.185,20.241,20.353,20.353,20.437,20.521,20.499,20.437,20.465,20.515
20.213,20.162,20.14,20.179,20.19,20.258,20.252,20.185,20.342,20.331,20.207,20.224,20.258,20.185,20.19,20.331,20.213,20.246,20.303,20.218,20.403,20.218,20.078,20.347,20.28,20.246,20.325,20.398,20.392,20.291,20.269,20.364,20.325,20.275,20.213,20.185,20.381,20.398,20.263,20.263,20.325,20.308,20.291,20.364,20.359,20.403,20.398,20.331,20.443,20.359,20.297,20.431,20.347,20.375,20.415,20.347,20.415,20.471,20.409,20.342,20.437,20.431,20.353,20.347,20.308,20.336,20.331,20.269,20.387,20.409,20.336,20.319,20.308,20.392,20.409,20.325,20.353,20.431,20.392,20.286,20.364,20.392,20.37,20.415,20.443,20.476,20.482,20.454,20.347,20.476,20.538,20.353,20.471,20.454,20.364,20.415,20.499,20.515,20.493,20.504,20.459,20.555,20.588,20.465,20.493,20.571,20.588,20.555,20.56,20.51,20.527,20.627,20.56,20.555,20.599,20.599,20.566,20.549,20.549,20.555,20.627,20.571,20.476,20.51,20.538,20.471,20.459,20.56,20.465,20.437,20.493,20.515,20.482,20.515,20.549,20.527,20.515,20.515,20.532,20.549,20.487,20.549,20.633,20.605,20.493,20.549,20.644,20.605,20.599,20.588,20.577,20.571,20.555,20.543,20.527,20.504,20.521,20.566,20.583,20.571,20.555,20.56,20.583,20.594,20.549,20.65,20.689,20.566,20.566,20.527,20.549,20.65,20.588,20.527,20.566,20.616,20.476,20.465,20.543,20.532,20.465,20.51,20.499,20.347,20.336,20.375,20.448,20.499,20.381,20.431,20.493,20.409,20.538,20.594,20.493,20.415,20.443,20.499,20.499,20.459,20.42,20.381,20.431,20.521,20.476,20.487,20.493,20.431,20.42,20.331,20.359,20.527,20.476,20.527,20.51,20.347,20.443,20.409,20.342,20.409,20.364,20.426,20.471,20.398,20.381,20.403,20.403,20.37,20.375,20.398,20.42,20.42,20.275,20.426,20.566,20.398,20.331,20.342,20.381,20.387,20.387,20.403,20.381,20.331,20.431,20.353,20.241,20.297,20.28,20.342,20.353,20.275,20.246,20.37,20.431,20.325,20.291,20.325,20.331,20.28,20.308,20.347,20.364,20.347,20.23,20.218,20.325,20.392,20.426,20.42,20.387,20.364,20.308,20.308,20.347,20.359,20.297,20.286,20.325,20.342,20.364,20.353,20.353,20.381,20.319,20.342,20.398,20.387,20.426,20.426,20.381,20.381,20.532,20.555,20.471,20.465,20.471,20.359,20.28,20.336,20.359,20.258,20.235,20.375,20.28,20.303,20.381,20.331,20.207,20.23,20.353,20.387,20.28,20.403,20.476,20.308,20.28,20.347,20.409
20.297,20.286,20.235,20.291,20.319,20.28,20.202,20.179,20.275,20.235,20.196,20.297,20.28,20.252,20.269,20.308,20.263,20.252,20.258,20.241,20.347,20.291,20.202,20.258,20.263,20.319,20.347,20.325,20.336,20.359,20.353,20.336,20.325,20.28,20.23,20.224,20.291,20.275,20.23,20.28,20.297,20.359,20.381,20.342,20.331,20.42,20.448,20.359,20.437,20.409,20.314,20.319,20.269,20.426,20.51,20.364,20.381,20.471,20.465,20.375,20.482,20.448,20.319,20.291,20.286,20.364,20.375,20.291,20.314,20.353,20.409,20.471,20.409,20.359,20.375,20.403,20.42,20.364,20.308,20.353,20.487,20.471,20.37,20.392,20.42,20.403,20.403,20.448,20.359,20.471,20.566,20.459,20.532,20.471,20.387,20.471,20.543,20.521,20.499,20.555,20.471,20.538,20.583,20.465,20.543,20.532,20.499,20.571,20.644,20.583,20.543,20.65,20.611,20.594,20.577,20.538,20.577,20.571,20.555,20.588,20.577,20.571,20.549,20.515,20.566,20.538,20.493,20.527,20.499,20.504,20.504,20.476,20.471,20.555,20.566,20.487,20.605,20.627,20.571,20.594,20.549,20.577,20.605,20.566,20.571,20.616,20.616,20.571,20.543,20.588,20.605,20.56,20.566,20.555,20.527,20.521,20.487,20.555,20.616,20.594,20.594,20.633,20.599,20.515,20.549,20.605,20.611,20.571,20.555,20.588,20.627,20.633,20.599,20.605,20.611,20.571,20.515,20.521,20.532,20.493,20.471,20.459,20.487,20.538,20.471,20.471,20.493,20.454,20.471,20.409,20.37,20.443,20.454,20.538,20.555,20.471,20.499,20.571,20.532,20.415,20.42,20.443,20.476,20.527,20.493,20.51,20.515,20.465,20.403,20.37,20.398,20.443,20.387,20.493,20.532,20.375,20.409,20.471,20.476,20.454,20.387,20.375,20.426,20.459,20.387,20.392,20.443,20.437,20.398,20.28,20.308,20.476,20.409,20.42,20.471,20.437,20.437,20.443,20.431,20.409,20.347,20.403,20.443,20.364,20.409,20.375,20.336,20.381,20.342,20.325,20.392,20.465,20.403,20.347,20.37,20.42,20.381,20.331,20.319,20.342,20.364,20.364,20.387,20.437,20.381,20.325,20.336,20.375,20.342,20.375,20.42,20.409,20.392,20.398,20.398,20.37,20.325,20.353,20.398,20.392,20.364,20.359,20.381,20.403,20.381,20.403,20.437,20.443,20.437,20.454,20.499,20.532,20.521,20.515,20.493,20.459,20.437,20.403,20.342,20.286,20.325,20.269,20.252,20.353,20.342,20.342,20.314,20.263,20.218,20.319,20.415,20.375,20.426,20.437,20.37,20.325,20.375,20.443,20.465
20.336,20.331,20.246,20.286,20.286,20.213,20.19,20.258,20.213,20.19,20.246,20.308,20.331,20.314,20.269,20.263,20.353,20.269,20.196,20.297,20.218,20.325,20.359,20.185,20.258,20.375,20.319,20.168,20.269,20.409,20.375,20.258,20.258,20.28,20.275,20.246,20.19,20.196,20.263,20.308,20.286,20.37,20.403,20.314,20.331,20.426,20.437,20.347,20.387,20.387,20.336,20.319,20.252,20.359,20.476,20.426,20.342,20.398,20.443,20.37,20.482,20.398,20.275,20.353,20.387,20.398,20.398,20.409,20.303,20.336,20.471,20.504,20.482,20.381,20.359,20.454,20.454,20.353,20.331,20.437,20.465,20.448,20.403,20.381,20.325,20.353,20.392,20.381,20.403,20.482,20.515,20.487,20.515,20.527,20.538,20.566,20.487,20.443,20.476,20.515,20.443,20.476,20.555,20.549,20.599,20.555,20.476,20.504,20.605,20.638,20.588,20.571,20.605,20.611,20.555,20.515,20.555,20.594,20.583,20.549,20.51,20.549,20.594,20.577,20.538,20.555,20.56,20.521,20.482,20.515,20.538,20.493,20.443,20.51,20.549,20.487,20.655,20.627,20.527,20.605,20.65,20.627,20.549,20.521,20.616,20.611,20.532,20.532,20.471,20.543,20.638,20.605,20.543,20.499,20.504,20.532,20.515,20.532,20.549,20.527,20.571,20.622,20.583,20.515,20.566,20.555,20.527,20.566,20.555,20.627,20.599,20.448,20.538,20.611,20.571,20.532,20.594,20.599,20.527,20.482,20.465,20.392,20.459,20.655,20.577,20.51,20.465,20.409,20.549,20.465,20.387,20.543,20.426,20.499,20.583,20.476,20.521,20.555,20.476,20.392,20.487,20.437,20.398,20.51,20.459,20.426,20.448,20.471,20.431,20.443,20.454,20.409,20.364,20.426,20.471,20.415,20.465,20.51,20.51,20.493,20.409,20.353,20.398,20.459,20.37,20.319,20.359,20.403,20.42,20.297,20.291,20.465,20.448,20.359,20.331,20.415,20.51,20.487,20.42,20.426,20.353,20.398,20.454,20.403,20.381,20.387,20.409,20.415,20.398,20.342,20.392,20.51,20.431,20.331,20.353,20.431,20.387,20.286,20.28,20.364,20.381,20.342,20.336,20.392,20.426,20.437,20.375,20.314,20.319,20.364,20.409,20.443,20.493,20.443,20.37,20.387,20.37,20.398,20.409,20.37,20.347,20.364,20.403,20.415,20.392,20.387,20.426,20.459,20.415,20.448,20.543,20.577,20.493,20.493,20.51,20.448,20.381,20.454,20.431,20.246,20.291,20.353,20.325,20.28,20.387,20.37,20.297,20.325,20.291,20.359,20.398,20.347,20.493,20.459,20.359,20.431,20.493,20.527,20.527
20.263,20.246,20.157,20.134,20.168,20.202,20.28,20.381,20.308,20.28,20.275,20.23,20.331,20.28,20.174,20.213,20.269,20.28,20.263,20.286,20.263,20.235,20.23,20.246,20.342,20.325,20.235,20.235,20.269,20.342,20.314,20.207,20.174,20.291,20.314,20.162,20.174,20.218,20.291,20.364,20.37,20.336,20.297,20.291,20.325,20.375,20.342,20.28,20.37,20.342,20.336,20.454,20.347,20.28,20.314,20.359,20.319,20.392,20.426,20.336,20.381,20.342,20.331,20.443,20.476,20.398,20.336,20.375,20.409,20.409,20.347,20.291,20.381,20.431,20.403,20.403,20.403,20.431,20.409,20.336,20.375,20.387,20.381,20.398,20.325,20.37,20.426,20.375,20.381,20.448,20.454,20.398,20.415,20.532,20.571,20.476,20.392,20.431,20.482,20.437,20.375,20.426,20.521,20.543,20.56,20.583,20.527,20.437,20.487,20.571,20.594,20.571,20.549,20.532,20.56,20.611,20.543,20.594,20.594,20.465,20.527,20.571,20.583,20.594,20.448,20.465,20.543,20.487,20.415,20.459,20.549,20.538,20.448,20.465,20.532,20.532,20.577,20.543,20.493,20.527,20.594,20.622,20.594,20.577,20.538,20.499,20.51,20.555,20.538,20.521,20.566,20.622,20.555,20.487,20.471,20.487,20.538,20.555,20.499,20.459,20.521,20.51,20.515,20.616,20.627,20.571,20.543,20.599,20.599,20.532,20.398,20.325,20.487,20.56,20.504,20.499,20.527,20.532,20.51,20.51,20.431,20.459,20.487,20.431,20.471,20.392,20.342,20.426,20.426,20.459,20.521,20.549,20.51,20.543,20.543,20.454,20.465,20.443,20.448,20.515,20.515,20.342,20.297,20.476,20.364,20.347,20.409,20.398,20.415,20.454,20.465,20.459,20.555,20.493,20.381,20.42,20.515,20.409,20.342,20.487,20.387,20.392,20.437,20.375,20.353,20.263,20.23,20.331,20.431,20.471,20.415,20.347,20.241,20.291,20.359,20.308,20.381,20.415,20.375,20.364,20.403,20.398,20.331,20.303,20.37,20.381,20.331,20.325,20.342,20.398,20.359,20.235,20.23,20.387,20.426,20.263,20.202,20.241,20.308,20.325,20.331,20.269,20.213,20.23,20.258,20.359,20.398,20.342,20.42,20.403,20.364,20.426,20.443,20.314,20.235,20.325,20.331,20.359,20.336,20.28,20.331,20.381,20.381,20.37,20.319,20.269,20.331,20.437,20.37,20.426,20.459,20.353,20.398,20.555,20.566,20.409,20.392,20.431,20.403,20.319,20.325,20.392,20.364,20.269,20.325,20.342,20.359,20.426,20.325,20.359,20.426,20.359,20.331,20.409,20.443,20.37,20.375,20.415,20.431
20.084,20.196,20.291,20.145,20.134,20.196,20.325,20.409,20.235,20.269,20.364,20.258,20.263,20.213,20.19,20.252,20.246,20.235,20.224,20.23,20.308,20.297,20.246,20.275,20.23,20.218,20.246,20.258,20.224,20.252,20.258,20.202,20.218,20.23,20.246,20.275,20.246,20.202,20.218,20.286,20.319,20.308,20.28,20.297,20.252,20.308,20.375,20.353,20.387,20.325,20.314,20.426,20.342,20.336,20.314,20.213,20.291,20.398,20.398,20.347,20.364,20.342,20.375,20.465,20.387,20.308,20.303,20.331,20.387,20.381,20.359,20.392,20.426,20.431,20.448,20.487,20.403,20.375,20.403,20.398,20.347,20.353,20.37,20.342,20.269,20.325,20.448,20.465,20.387,20.359,20.398,20.409,20.375,20.482,20.543,20.448,20.398,20.409,20.431,20.437,20.543,20.515,20.487,20.599,20.555,20.532,20.538,20.532,20.515,20.583,20.605,20.549,20.638,20.611,20.515,20.521,20.482,20.538,20.555,20.465,20.487,20.599,20.633,20.56,20.482,20.538,20.538,20.403,20.387,20.448,20.515,20.527,20.504,20.51,20.583,20.638,20.543,20.521,20.543,20.504,20.487,20.527,20.532,20.487,20.549,20.566,20.56,20.583,20.521,20.521,20.538,20.51,20.532,20.487,20.448,20.493,20.487,20.527,20.549,20.532,20.504,20.543,20.622,20.655,20.633,20.577,20.532,20.532,20.549,20.504,20.454,20.471,20.571,20.549,20.504,20.566,20.465,20.465,20.549,20.566,20.487,20.398,20.387,20.443,20.538,20.448,20.353,20.448,20.409,20.487,20.549,20.476,20.443,20.499,20.51,20.431,20.499,20.465,20.426,20.504,20.499,20.431,20.431,20.493,20.347,20.387,20.459,20.375,20.437,20.398,20.359,20.448,20.459,20.521,20.459,20.308,20.443,20.415,20.325,20.375,20.269,20.308,20.403,20.37,20.319,20.218,20.23,20.375,20.448,20.471,20.398,20.314,20.37,20.409,20.347,20.286,20.347,20.409,20.398,20.381,20.426,20.42,20.336,20.303,20.437,20.437,20.342,20.347,20.381,20.319,20.252,20.286,20.347,20.37,20.336,20.325,20.342,20.331,20.269,20.224,20.28,20.246,20.23,20.308,20.19,20.258,20.375,20.342,20.286,20.398,20.465,20.342,20.359,20.291,20.269,20.375,20.37,20.325,20.297,20.314,20.409,20.392,20.297,20.28,20.308,20.291,20.297,20.364,20.303,20.392,20.42,20.275,20.37,20.504,20.493,20.398,20.409,20.275,20.207,20.319,20.258,20.28,20.303,20.241,20.325,20.23,20.151,20.28,20.286,20.308,20.347,20.364,20.314,20.448,20.515,20.375,20.403,20.465,20.487
20.134,20.275,20.364,20.224,20.174,20.224,20.275,20.241,20.269,20.336,20.342,20.28,20.269,20.286,20.275,20.224,20.202,20.213,20.23,20.246,20.336,20.331,20.28,20.314,20.258,20.258,20.275,20.246,20.241,20.303,20.325,20.263,20.258,20.252,20.269,20.308,20.258,20.269,20.297,20.286,20.275,20.319,20.359,20.336,20.303,20.28,20.331,20.42,20.403,20.392,20.398,20.381,20.303,20.319,20.381,20.375,20.347,20.409,20.454,20.415,20.387,20.331,20.342,20.42,20.364,20.342,20.364,20.37,20.353,20.387,20.443,20.465,20.443,20.437,20.454,20.465,20.431,20.403,20.409,20.42,20.381,20.375,20.364,20.331,20.342,20.37,20.409,20.448,20.42,20.443,20.482,20.471,20.476,20.482,20.459,20.431,20.454,20.482,20.476,20.471,20.577,20.543,20.499,20.583,20.51,20.543,20.599,20.549,20.527,20.555,20.577,20.566,20.633,20.633,20.577,20.555,20.515,20.571,20.588,20.493,20.454,20.588,20.655,20.538,20.571,20.583,20.521,20.471,20.515,20.515,20.521,20.577,20.51,20.532,20.599,20.599,20.515,20.521,20.571,20.555,20.487,20.515,20.56,20.527,20.521,20.577,20.611,20.577,20.515,20.555,20.588,20.521,20.555,20.549,20.549,20.599,20.549,20.56,20.566,20.504,20.482,20.594,20.638,20.543,20.56,20.549,20.521,20.538,20.493,20.521,20.549,20.527,20.566,20.504,20.487,20.583,20.51,20.499,20.538,20.538,20.549,20.448,20.381,20.465,20.577,20.454,20.364,20.521,20.51,20.476,20.454,20.448,20.493,20.515,20.499,20.487,20.499,20.482,20.471,20.493,20.504,20.499,20.476,20.454,20.42,20.426,20.437,20.431,20.448,20.415,20.409,20.476,20.487,20.521,20.482,20.398,20.426,20.398,20.375,20.42,20.347,20.353,20.415,20.42,20.359,20.336,20.353,20.353,20.392,20.42,20.392,20.359,20.392,20.415,20.37,20.336,20.454,20.459,20.398,20.431,20.387,20.426,20.431,20.359,20.392,20.437,20.443,20.437,20.426,20.319,20.297,20.415,20.415,20.353,20.342,20.392,20.381,20.381,20.364,20.325,20.342,20.303,20.319,20.42,20.364,20.342,20.364,20.353,20.275,20.359,20.443,20.353,20.347,20.359,20.398,20.454,20.454,20.381,20.325,20.359,20.409,20.375,20.308,20.325,20.375,20.415,20.364,20.308,20.359,20.431,20.465,20.476,20.51,20.499,20.487,20.515,20.465,20.314,20.269,20.381,20.314,20.331,20.353,20.291,20.314,20.28,20.196,20.174,20.286,20.387,20.392,20.375,20.415,20.437,20.443,20.459,20.465,20.499,20.527
20.28,20.364,20.342,20.275,20.218,20.246,20.207,20.095,20.347,20.398,20.269,20.28,20.308,20.381,20.325,20.168,20.174,20.218,20.263,20.297,20.336,20.314,20.286,20.325,20.359,20.353,20.275,20.224,20.286,20.398,20.403,20.319,20.258,20.308,20.336,20.258,20.213,20.319,20.409,20.342,20.269,20.347,20.415,20.353,20.387,20.291,20.263,20.426,20.398,20.459,20.487,20.37,20.28,20.258,20.42,20.599,20.415,20.409,20.515,20.459,20.409,20.308,20.286,20.375,20.398,20.426,20.443,20.431,20.353,20.42,20.493,20.437,20.42,20.443,20.431,20.387,20.443,20.465,20.415,20.387,20.409,20.403,20.364,20.353,20.437,20.431,20.364,20.381,20.443,20.56,20.583,20.504,20.571,20.515,20.409,20.426,20.493,20.56,20.538,20.487,20.499,20.51,20.515,20.527,20.471,20.594,20.644,20.493,20.493,20.521,20.555,20.588,20.56,20.594,20.655,20.65,20.571,20.616,20.627,20.504,20.454,20.571,20.633,20.538,20.622,20.571,20.499,20.577,20.638,20.577,20.543,20.633,20.493,20.515,20.577,20.499,20.51,20.527,20.555,20.599,20.543,20.555,20.616,20.611,20.482,20.532,20.627,20.555,20.51,20.583,20.638,20.594,20.577,20.594,20.65,20.683,20.627,20.611,20.543,20.426,20.471,20.605,20.583,20.431,20.504,20.521,20.521,20.588,20.476,20.527,20.577,20.471,20.499,20.471,20.465,20.549,20.577,20.555,20.499,20.487,20.56,20.521,20.431,20.465,20.555,20.415,20.353,20.571,20.594,20.454,20.37,20.471,20.583,20.56,20.504,20.543,20.465,20.471,20.51,20.499,20.515,20.487,20.42,20.403,20.487,20.426,20.381,20.493,20.437,20.454,20.51,20.515,20.571,20.499,20.443,20.532,20.459,20.375,20.415,20.527,20.487,20.443,20.443,20.459,20.409,20.465,20.448,20.297,20.336,20.387,20.398,20.398,20.308,20.336,20.398,20.387,20.56,20.499,20.381,20.465,20.342,20.403,20.493,20.398,20.314,20.398,20.515,20.493,20.437,20.364,20.387,20.471,20.381,20.364,20.403,20.398,20.314,20.364,20.471,20.471,20.431,20.364,20.37,20.448,20.532,20.476,20.364,20.359,20.347,20.331,20.359,20.415,20.381,20.42,20.482,20.482,20.504,20.443,20.37,20.364,20.364,20.347,20.353,20.403,20.42,20.487,20.437,20.303,20.443,20.476,20.515,20.678,20.633,20.521,20.527,20.622,20.51,20.437,20.448,20.443,20.415,20.443,20.437,20.353,20.297,20.387,20.364,20.185,20.325,20.482,20.465,20.387,20.487,20.392,20.347,20.527,20.482,20.487,20.527
